c Minimum Spanning Tree
c
c nodes:  1000 ; arcs:  4000 ; cost range:  -5 - 10
c
p mst  1000 4000
e  0 1 8
e  0 2 -5
e  2 3 -4
e  2 4 8
e  2 5 5
e  4 6 6
e  1 7 8
e  2 8 -3
e  0 9 -3
e  4 10 -3
e  1 11 3
e  9 12 -3
e  7 13 0
e  10 14 8
e  4 15 -4
e  14 16 6
e  10 17 6
e  1 18 -3
e  8 19 7
e  5 20 5
e  8 21 -1
e  20 22 -1
e  8 23 -5
e  2 24 1
e  14 25 1
e  21 26 0
e  20 27 10
e  9 28 9
e  12 29 -4
e  28 30 0
e  25 31 9
e  23 32 0
e  18 33 -5
e  6 34 3
e  32 35 10
e  26 36 -3
e  18 37 -2
e  18 38 -3
e  34 39 1
e  6 40 6
e  14 41 2
e  25 42 -3
e  34 43 0
e  42 44 -5
e  33 45 9
e  2 46 -1
e  43 47 0
e  10 48 9
e  43 49 5
e  31 50 5
e  8 51 5
e  29 52 7
e  51 53 8
e  32 54 -1
e  26 55 -5
e  20 56 -2
e  36 57 7
e  42 58 2
e  49 59 8
e  24 60 10
e  18 61 -4
e  30 62 -3
e  10 63 3
e  23 64 -2
e  16 65 -1
e  57 66 -2
e  0 67 2
e  27 68 10
e  44 69 5
e  49 70 8
e  53 71 -1
e  13 72 5
e  14 73 10
e  11 74 -1
e  72 75 0
e  60 76 5
e  27 77 10
e  16 78 9
e  26 79 -4
e  43 80 -1
e  68 81 -3
e  40 82 2
e  43 83 1
e  35 84 9
e  3 85 10
e  12 86 -3
e  78 87 5
e  85 88 8
e  78 89 1
e  20 90 4
e  75 91 -4
e  76 92 -2
e  39 93 6
e  39 94 -3
e  84 95 -1
e  59 96 4
e  87 97 9
e  87 98 8
e  63 99 6
e  35 100 9
e  3 101 -3
e  86 102 10
e  17 103 -3
e  20 104 -3
e  21 105 9
e  23 106 4
e  5 107 -3
e  68 108 8
e  92 109 10
e  13 110 1
e  84 111 3
e  108 112 0
e  45 113 -1
e  3 114 3
e  38 115 1
e  90 116 10
e  60 117 -5
e  80 118 4
e  89 119 1
e  57 120 2
e  18 121 -3
e  9 122 3
e  81 123 -4
e  88 124 2
e  118 125 -1
e  80 126 0
e  90 127 3
e  86 128 9
e  76 129 6
e  63 130 7
e  83 131 7
e  6 132 4
e  115 133 4
e  51 134 -1
e  114 135 0
e  42 136 8
e  110 137 10
e  38 138 -1
e  37 139 7
e  92 140 -1
e  115 141 -3
e  77 142 -2
e  89 143 -5
e  1 144 0
e  33 145 2
e  14 146 -4
e  30 147 4
e  58 148 10
e  135 149 3
e  45 150 9
e  5 151 6
e  76 152 6
e  94 153 1
e  44 154 3
e  45 155 -2
e  86 156 3
e  46 157 5
e  56 158 9
e  132 159 -5
e  74 160 5
e  99 161 -4
e  2 162 8
e  16 163 -1
e  53 164 7
e  28 165 -4
e  128 166 -2
e  81 167 -2
e  29 168 -5
e  20 169 -3
e  50 170 6
e  133 171 0
e  84 172 -3
e  132 173 6
e  21 174 -3
e  170 175 1
e  33 176 -3
e  113 177 -5
e  73 178 -4
e  132 179 -1
e  66 180 4
e  7 181 9
e  171 182 2
e  115 183 8
e  145 184 -2
e  19 185 2
e  62 186 3
e  68 187 -5
e  68 188 2
e  147 189 7
e  70 190 3
e  149 191 7
e  66 192 7
e  26 193 1
e  55 194 2
e  121 195 -2
e  184 196 1
e  82 197 -5
e  92 198 1
e  62 199 5
e  35 200 10
e  43 201 8
e  144 202 5
e  159 203 5
e  60 204 -3
e  4 205 7
e  124 206 -4
e  191 207 -1
e  105 208 9
e  30 209 -3
e  50 210 -2
e  59 211 2
e  58 212 -5
e  77 213 -2
e  115 214 1
e  147 215 -3
e  164 216 6
e  87 217 4
e  24 218 -4
e  143 219 4
e  75 220 7
e  145 221 9
e  10 222 10
e  164 223 4
e  108 224 7
e  184 225 9
e  84 226 -1
e  82 227 0
e  112 228 4
e  167 229 10
e  18 230 -2
e  65 231 -4
e  6 232 2
e  225 233 5
e  29 234 2
e  169 235 1
e  213 236 5
e  56 237 10
e  168 238 2
e  189 239 10
e  235 240 8
e  136 241 4
e  65 242 4
e  66 243 -1
e  92 244 8
e  161 245 -1
e  105 246 -1
e  91 247 -3
e  239 248 4
e  108 249 -1
e  183 250 7
e  44 251 10
e  235 252 -1
e  144 253 0
e  78 254 3
e  250 255 -1
e  180 256 3
e  235 257 -5
e  189 258 -5
e  66 259 10
e  117 260 6
e  176 261 5
e  10 262 0
e  1 263 7
e  192 264 -4
e  255 265 -3
e  102 266 4
e  24 267 7
e  204 268 9
e  59 269 8
e  34 270 -3
e  217 271 8
e  193 272 7
e  155 273 9
e  230 274 8
e  55 275 -2
e  69 276 -4
e  203 277 5
e  72 278 -3
e  153 279 -1
e  47 280 2
e  76 281 -1
e  64 282 5
e  251 283 1
e  212 284 5
e  227 285 -5
e  64 286 9
e  7 287 10
e  19 288 4
e  237 289 6
e  250 290 6
e  215 291 5
e  236 292 -4
e  83 293 -2
e  50 294 7
e  187 295 -4
e  124 296 0
e  171 297 -5
e  108 298 4
e  37 299 2
e  54 300 -2
e  268 301 9
e  293 302 10
e  10 303 -3
e  89 304 0
e  17 305 7
e  281 306 -5
e  107 307 2
e  74 308 4
e  93 309 9
e  53 310 8
e  242 311 8
e  132 312 -4
e  228 313 -4
e  28 314 5
e  141 315 1
e  167 316 0
e  147 317 9
e  215 318 4
e  23 319 8
e  164 320 1
e  254 321 -3
e  92 322 6
e  58 323 0
e  121 324 -2
e  232 325 9
e  185 326 -5
e  266 327 -3
e  50 328 1
e  86 329 8
e  213 330 -4
e  27 331 4
e  104 332 8
e  102 333 -1
e  143 334 8
e  123 335 10
e  65 336 0
e  302 337 -1
e  198 338 -1
e  204 339 -1
e  222 340 -5
e  222 341 7
e  295 342 10
e  90 343 4
e  293 344 -4
e  0 345 -1
e  269 346 -4
e  172 347 -4
e  17 348 -1
e  70 349 4
e  285 350 -4
e  332 351 -3
e  136 352 3
e  33 353 9
e  127 354 4
e  56 355 10
e  146 356 9
e  46 357 -4
e  200 358 -3
e  282 359 -4
e  0 360 4
e  281 361 -3
e  225 362 8
e  343 363 0
e  77 364 -3
e  327 365 7
e  126 366 8
e  223 367 -2
e  243 368 9
e  68 369 8
e  182 370 10
e  141 371 2
e  6 372 -3
e  96 373 6
e  133 374 10
e  22 375 1
e  155 376 8
e  204 377 -5
e  52 378 4
e  75 379 -2
e  122 380 -2
e  356 381 7
e  292 382 -1
e  136 383 6
e  233 384 3
e  338 385 -1
e  246 386 -4
e  335 387 7
e  68 388 -5
e  347 389 0
e  107 390 -3
e  1 391 10
e  245 392 -4
e  180 393 7
e  104 394 10
e  240 395 1
e  18 396 -1
e  385 397 5
e  221 398 -2
e  358 399 6
e  300 400 4
e  119 401 0
e  211 402 5
e  246 403 -4
e  400 404 -2
e  45 405 10
e  198 406 -4
e  112 407 5
e  237 408 6
e  96 409 10
e  114 410 6
e  286 411 4
e  241 412 -4
e  59 413 7
e  283 414 -1
e  115 415 -5
e  301 416 1
e  113 417 5
e  92 418 8
e  241 419 8
e  405 420 4
e  225 421 -2
e  206 422 6
e  384 423 6
e  137 424 3
e  303 425 10
e  220 426 0
e  134 427 2
e  137 428 4
e  79 429 7
e  83 430 4
e  292 431 -5
e  1 432 9
e  217 433 -3
e  38 434 6
e  261 435 0
e  344 436 -5
e  132 437 -3
e  192 438 -1
e  121 439 9
e  418 440 0
e  19 441 -5
e  135 442 4
e  2 443 -1
e  138 444 -4
e  329 445 7
e  259 446 2
e  313 447 0
e  83 448 -1
e  8 449 7
e  443 450 -4
e  379 451 3
e  108 452 -5
e  356 453 -3
e  319 454 9
e  111 455 7
e  202 456 10
e  170 457 -1
e  128 458 -1
e  66 459 0
e  411 460 -2
e  110 461 4
e  335 462 6
e  402 463 8
e  250 464 3
e  140 465 -4
e  373 466 4
e  104 467 10
e  181 468 -2
e  421 469 -1
e  226 470 1
e  386 471 -4
e  49 472 6
e  327 473 -1
e  465 474 4
e  91 475 -2
e  117 476 0
e  198 477 3
e  45 478 3
e  394 479 8
e  143 480 -4
e  403 481 -3
e  146 482 -2
e  165 483 -4
e  388 484 -5
e  22 485 0
e  389 486 5
e  443 487 -3
e  248 488 -5
e  213 489 -1
e  165 490 9
e  233 491 -1
e  260 492 7
e  152 493 5
e  325 494 6
e  385 495 7
e  262 496 -1
e  200 497 -3
e  444 498 0
e  174 499 7
e  277 500 9
e  458 501 4
e  53 502 -1
e  401 503 2
e  222 504 4
e  296 505 5
e  240 506 9
e  491 507 6
e  87 508 0
e  319 509 7
e  136 510 -2
e  381 511 0
e  330 512 0
e  491 513 -4
e  346 514 9
e  468 515 4
e  366 516 3
e  233 517 -2
e  513 518 4
e  338 519 6
e  68 520 -5
e  27 521 -5
e  47 522 0
e  234 523 4
e  42 524 3
e  178 525 6
e  514 526 1
e  259 527 2
e  403 528 6
e  454 529 -5
e  398 530 6
e  215 531 -5
e  477 532 -2
e  344 533 5
e  27 534 5
e  203 535 4
e  304 536 -2
e  144 537 -3
e  346 538 9
e  323 539 4
e  449 540 -1
e  356 541 9
e  493 542 3
e  88 543 -5
e  404 544 8
e  451 545 8
e  475 546 -3
e  102 547 9
e  102 548 -2
e  91 549 -2
e  127 550 4
e  362 551 -2
e  216 552 -4
e  360 553 -4
e  135 554 4
e  45 555 1
e  131 556 1
e  263 557 -3
e  3 558 6
e  481 559 2
e  0 560 5
e  290 561 -3
e  195 562 -3
e  416 563 9
e  30 564 6
e  278 565 8
e  482 566 6
e  117 567 2
e  267 568 0
e  379 569 -5
e  508 570 -3
e  22 571 7
e  96 572 -4
e  60 573 7
e  443 574 9
e  107 575 1
e  550 576 0
e  231 577 4
e  436 578 -3
e  27 579 1
e  17 580 9
e  272 581 -3
e  184 582 -4
e  491 583 2
e  544 584 6
e  20 585 9
e  241 586 -2
e  244 587 10
e  405 588 1
e  343 589 7
e  154 590 4
e  441 591 8
e  122 592 1
e  541 593 -2
e  87 594 9
e  538 595 -1
e  25 596 1
e  565 597 10
e  280 598 -4
e  359 599 6
e  21 600 8
e  589 601 -2
e  446 602 6
e  16 603 4
e  513 604 -2
e  167 605 7
e  25 606 0
e  168 607 1
e  162 608 6
e  265 609 6
e  407 610 -5
e  472 611 10
e  577 612 4
e  229 613 8
e  229 614 0
e  194 615 2
e  423 616 -5
e  519 617 8
e  295 618 1
e  19 619 -5
e  86 620 9
e  358 621 5
e  453 622 -1
e  278 623 0
e  358 624 -3
e  138 625 7
e  337 626 1
e  348 627 4
e  255 628 -5
e  338 629 2
e  57 630 8
e  607 631 -4
e  74 632 3
e  626 633 -3
e  163 634 8
e  168 635 5
e  459 636 -1
e  592 637 10
e  406 638 7
e  396 639 7
e  562 640 0
e  620 641 2
e  11 642 3
e  39 643 7
e  8 644 1
e  454 645 7
e  114 646 0
e  498 647 6
e  79 648 10
e  389 649 -1
e  341 650 4
e  320 651 -2
e  341 652 7
e  44 653 -3
e  325 654 4
e  550 655 -5
e  25 656 -3
e  386 657 10
e  403 658 8
e  351 659 7
e  624 660 7
e  94 661 1
e  615 662 6
e  196 663 2
e  281 664 1
e  521 665 7
e  56 666 0
e  34 667 2
e  185 668 0
e  337 669 7
e  70 670 -3
e  338 671 5
e  17 672 -2
e  532 673 8
e  325 674 9
e  458 675 5
e  60 676 -3
e  177 677 -4
e  251 678 -5
e  353 679 -4
e  265 680 4
e  111 681 9
e  264 682 -5
e  566 683 -1
e  633 684 0
e  502 685 5
e  567 686 -1
e  168 687 -3
e  137 688 -2
e  522 689 -4
e  503 690 -1
e  74 691 4
e  41 692 -4
e  12 693 5
e  197 694 5
e  476 695 -2
e  207 696 -1
e  214 697 3
e  95 698 9
e  426 699 8
e  445 700 5
e  124 701 9
e  197 702 6
e  22 703 3
e  556 704 8
e  300 705 5
e  644 706 -3
e  687 707 8
e  41 708 3
e  307 709 -3
e  292 710 4
e  648 711 0
e  466 712 -5
e  565 713 5
e  686 714 2
e  309 715 -4
e  379 716 7
e  605 717 -3
e  546 718 9
e  356 719 -3
e  153 720 0
e  521 721 -4
e  256 722 -2
e  227 723 3
e  116 724 5
e  622 725 4
e  84 726 -2
e  91 727 7
e  595 728 4
e  514 729 5
e  225 730 8
e  428 731 4
e  125 732 2
e  710 733 2
e  123 734 0
e  167 735 7
e  527 736 2
e  186 737 1
e  430 738 1
e  693 739 4
e  657 740 2
e  577 741 8
e  404 742 7
e  168 743 -3
e  168 744 2
e  512 745 2
e  84 746 -2
e  150 747 10
e  636 748 -5
e  715 749 6
e  178 750 -1
e  418 751 9
e  733 752 7
e  725 753 4
e  688 754 3
e  41 755 7
e  369 756 -5
e  152 757 -5
e  183 758 0
e  599 759 1
e  189 760 3
e  303 761 2
e  462 762 -3
e  669 763 -2
e  121 764 2
e  25 765 -5
e  43 766 9
e  619 767 -2
e  94 768 5
e  313 769 6
e  192 770 0
e  423 771 2
e  597 772 4
e  114 773 7
e  451 774 2
e  250 775 -3
e  330 776 1
e  745 777 0
e  718 778 3
e  572 779 4
e  512 780 6
e  404 781 8
e  18 782 -1
e  444 783 -3
e  98 784 6
e  367 785 2
e  714 786 2
e  399 787 -1
e  592 788 -1
e  178 789 3
e  485 790 -2
e  504 791 5
e  1 792 -5
e  746 793 -2
e  323 794 4
e  500 795 3
e  599 796 9
e  190 797 10
e  94 798 -4
e  97 799 5
e  306 800 1
e  666 801 -2
e  531 802 -4
e  443 803 7
e  112 804 0
e  103 805 4
e  540 806 6
e  175 807 1
e  99 808 7
e  327 809 7
e  258 810 10
e  653 811 -4
e  580 812 -3
e  711 813 5
e  572 814 7
e  536 815 2
e  763 816 10
e  535 817 -4
e  499 818 -3
e  417 819 1
e  290 820 6
e  194 821 7
e  778 822 -4
e  539 823 8
e  20 824 -4
e  100 825 7
e  115 826 5
e  423 827 3
e  580 828 -2
e  373 829 4
e  722 830 6
e  541 831 7
e  662 832 -5
e  568 833 5
e  299 834 3
e  544 835 9
e  0 836 -3
e  261 837 -1
e  359 838 1
e  812 839 5
e  522 840 -5
e  477 841 1
e  332 842 2
e  85 843 5
e  640 844 5
e  746 845 4
e  655 846 6
e  592 847 -2
e  449 848 4
e  184 849 -2
e  342 850 0
e  161 851 4
e  631 852 1
e  24 853 0
e  773 854 6
e  127 855 -5
e  373 856 10
e  202 857 2
e  697 858 6
e  156 859 9
e  653 860 -1
e  341 861 6
e  457 862 -2
e  786 863 -2
e  581 864 8
e  409 865 8
e  643 866 6
e  812 867 8
e  755 868 -3
e  522 869 -3
e  439 870 8
e  861 871 3
e  469 872 3
e  1 873 -3
e  256 874 6
e  535 875 4
e  257 876 2
e  253 877 1
e  623 878 -2
e  823 879 0
e  61 880 5
e  63 881 1
e  747 882 10
e  157 883 2
e  366 884 -1
e  582 885 7
e  58 886 6
e  42 887 1
e  84 888 -5
e  881 889 0
e  820 890 7
e  205 891 8
e  139 892 -2
e  102 893 -4
e  335 894 -5
e  706 895 5
e  257 896 1
e  668 897 4
e  235 898 6
e  825 899 -5
e  669 900 -4
e  239 901 -4
e  125 902 -2
e  667 903 6
e  68 904 8
e  493 905 3
e  489 906 1
e  873 907 7
e  218 908 -3
e  580 909 -5
e  779 910 -5
e  370 911 -5
e  163 912 5
e  633 913 1
e  521 914 5
e  604 915 8
e  382 916 -4
e  906 917 4
e  895 918 -3
e  215 919 -4
e  452 920 2
e  911 921 7
e  82 922 5
e  20 923 -3
e  666 924 -1
e  217 925 5
e  226 926 4
e  288 927 2
e  562 928 7
e  538 929 1
e  611 930 -3
e  302 931 5
e  445 932 10
e  618 933 4
e  189 934 1
e  354 935 -1
e  728 936 -1
e  382 937 1
e  351 938 2
e  616 939 -1
e  62 940 1
e  436 941 8
e  498 942 -4
e  557 943 6
e  637 944 5
e  339 945 2
e  456 946 2
e  577 947 9
e  822 948 -5
e  755 949 3
e  294 950 9
e  786 951 9
e  944 952 6
e  783 953 4
e  827 954 9
e  148 955 9
e  4 956 7
e  509 957 6
e  765 958 9
e  717 959 -3
e  497 960 -1
e  644 961 -4
e  681 962 7
e  825 963 -1
e  180 964 0
e  151 965 -1
e  701 966 -3
e  713 967 4
e  293 968 6
e  137 969 8
e  891 970 4
e  481 971 -3
e  752 972 10
e  429 973 2
e  14 974 0
e  836 975 8
e  234 976 7
e  247 977 10
e  153 978 9
e  282 979 3
e  68 980 0
e  14 981 5
e  607 982 -1
e  522 983 -4
e  404 984 -5
e  248 985 2
e  564 986 1
e  552 987 3
e  832 988 0
e  467 989 0
e  886 990 2
e  390 991 6
e  383 992 7
e  938 993 3
e  297 994 5
e  305 995 6
e  928 996 -1
e  439 997 0
e  759 998 0
e  442 999 1
e  233 427 0
e  186 699 7
e  424 510 3
e  54 788 9
e  666 724 0
e  159 708 -5
e  186 212 -4
e  6 233 3
e  278 618 0
e  643 901 5
e  893 919 6
e  212 233 -3
e  332 990 6
e  352 362 10
e  52 345 1
e  659 691 -4
e  280 816 5
e  448 916 1
e  100 982 1
e  301 635 -3
e  137 508 9
e  165 544 -5
e  5 229 2
e  294 684 5
e  526 958 9
e  296 991 2
e  346 924 2
e  218 376 4
e  233 510 5
e  156 636 9
e  512 902 -5
e  234 427 -5
e  747 878 9
e  415 741 9
e  359 971 10
e  501 813 2
e  358 546 5
e  325 350 4
e  561 845 9
e  618 989 4
e  47 567 -1
e  138 195 2
e  267 475 10
e  86 970 8
e  254 667 9
e  614 774 2
e  126 999 -1
e  776 894 6
e  170 303 3
e  422 476 9
e  3 521 2
e  31 64 6
e  926 946 6
e  182 436 8
e  165 739 -1
e  284 526 4
e  652 890 -2
e  257 601 -1
e  468 618 2
e  136 195 -5
e  297 718 10
e  74 228 9
e  107 374 8
e  216 720 1
e  616 770 5
e  674 684 8
e  113 173 0
e  598 819 -3
e  534 685 0
e  562 876 10
e  769 863 9
e  13 646 6
e  175 897 6
e  25 559 7
e  365 680 9
e  280 732 6
e  457 793 -5
e  256 528 6
e  134 524 3
e  166 891 3
e  254 865 -4
e  157 759 6
e  550 589 5
e  705 920 9
e  371 796 6
e  123 238 -5
e  722 775 -3
e  128 392 4
e  88 831 0
e  667 672 4
e  123 983 3
e  101 871 1
e  138 641 -2
e  192 771 8
e  346 561 10
e  557 908 -3
e  523 697 -5
e  130 580 -2
e  270 285 -1
e  434 721 0
e  513 686 0
e  294 480 7
e  328 418 3
e  215 242 0
e  17 582 4
e  114 748 -4
e  425 698 1
e  329 597 5
e  190 731 9
e  664 991 -3
e  260 894 -1
e  602 744 7
e  0 465 8
e  522 841 7
e  108 682 1
e  193 313 0
e  94 888 9
e  393 477 -3
e  204 790 4
e  797 979 7
e  310 745 -5
e  145 659 6
e  298 700 5
e  264 625 0
e  354 590 8
e  26 704 2
e  119 389 -4
e  356 608 1
e  191 642 -4
e  494 535 0
e  774 971 3
e  600 698 -5
e  110 622 9
e  2 350 1
e  245 651 4
e  751 806 3
e  529 720 -4
e  186 974 7
e  329 603 1
e  591 851 4
e  359 384 2
e  122 376 -2
e  649 894 8
e  218 866 6
e  67 992 5
e  242 832 6
e  628 990 -5
e  463 819 3
e  538 992 5
e  601 800 1
e  353 578 -2
e  511 845 2
e  765 781 1
e  179 325 10
e  520 720 10
e  501 858 1
e  915 948 1
e  110 590 10
e  285 516 0
e  184 856 1
e  628 955 -1
e  16 858 8
e  401 890 -5
e  314 832 2
e  277 930 8
e  788 930 5
e  310 743 2
e  575 665 0
e  262 622 -5
e  117 516 0
e  88 692 7
e  521 962 0
e  561 635 1
e  123 525 -4
e  264 408 2
e  180 409 8
e  74 166 6
e  179 544 -2
e  731 965 -1
e  607 726 6
e  801 817 1
e  302 844 -4
e  235 582 -3
e  192 604 5
e  229 232 10
e  349 847 -4
e  178 255 10
e  564 975 -2
e  130 134 8
e  150 502 -2
e  653 977 2
e  30 779 -2
e  590 670 -5
e  411 570 -2
e  289 374 3
e  119 817 7
e  687 946 5
e  509 915 4
e  72 410 8
e  150 348 1
e  145 740 5
e  15 370 7
e  195 697 -1
e  410 420 5
e  870 910 -3
e  150 626 7
e  326 977 -3
e  284 786 0
e  331 385 4
e  391 960 -3
e  575 889 -1
e  418 956 0
e  19 174 9
e  797 822 1
e  394 596 -5
e  367 685 10
e  306 603 6
e  873 977 -3
e  85 696 -2
e  208 728 -3
e  334 632 -4
e  447 645 3
e  414 575 7
e  562 910 -4
e  541 650 7
e  162 813 5
e  217 630 1
e  143 466 1
e  88 843 5
e  525 658 1
e  505 627 -2
e  239 383 7
e  517 855 -3
e  630 776 6
e  639 842 7
e  203 726 7
e  448 954 5
e  774 782 -3
e  29 968 1
e  665 924 9
e  631 999 5
e  164 986 7
e  56 661 9
e  24 53 2
e  580 714 6
e  190 606 -4
e  97 192 6
e  399 478 10
e  279 586 -2
e  468 562 -5
e  137 909 10
e  70 698 -4
e  455 728 -1
e  119 326 6
e  184 846 -1
e  303 357 10
e  238 905 1
e  179 536 7
e  440 478 10
e  898 954 10
e  339 872 0
e  107 991 3
e  138 761 0
e  413 440 -2
e  631 917 -5
e  742 908 4
e  682 840 2
e  131 391 10
e  32 228 -3
e  164 724 9
e  377 796 -4
e  184 669 10
e  53 403 4
e  564 924 6
e  256 828 8
e  804 941 3
e  18 685 5
e  425 895 2
e  143 184 10
e  966 967 5
e  134 644 -3
e  78 331 -3
e  469 520 3
e  865 935 -3
e  555 954 9
e  119 830 6
e  239 970 2
e  418 450 0
e  272 546 5
e  55 897 2
e  370 738 9
e  419 821 3
e  559 782 -1
e  72 587 -4
e  301 838 4
e  311 885 3
e  461 614 -2
e  590 752 2
e  133 546 -3
e  527 858 -3
e  315 842 4
e  0 810 -5
e  89 134 9
e  297 333 3
e  465 660 -1
e  653 844 7
e  263 806 -4
e  263 945 2
e  162 660 8
e  12 967 9
e  386 961 6
e  809 952 5
e  465 635 9
e  54 296 3
e  90 783 8
e  115 620 10
e  76 690 6
e  163 756 3
e  107 585 0
e  452 936 5
e  248 585 3
e  367 619 7
e  574 831 0
e  508 663 6
e  132 596 1
e  48 805 -5
e  463 501 1
e  8 755 -5
e  594 655 6
e  685 782 -4
e  44 647 9
e  43 375 -4
e  390 798 2
e  474 489 6
e  47 543 6
e  539 860 10
e  260 686 -4
e  735 921 -5
e  369 718 -2
e  179 879 5
e  642 942 -3
e  167 390 3
e  435 659 3
e  127 473 3
e  510 624 10
e  232 273 -4
e  185 830 9
e  87 225 0
e  269 757 -4
e  26 654 8
e  84 165 6
e  315 351 10
e  581 877 -1
e  641 958 4
e  447 743 9
e  555 733 7
e  225 343 1
e  13 519 -2
e  173 248 -2
e  865 873 1
e  133 919 6
e  241 287 0
e  403 463 -3
e  310 777 10
e  37 875 -5
e  208 622 -1
e  882 902 4
e  253 700 8
e  14 131 7
e  120 122 10
e  362 918 3
e  121 463 2
e  198 291 1
e  102 350 3
e  176 938 -4
e  822 949 6
e  726 987 -2
e  832 927 -2
e  369 959 -2
e  225 262 8
e  279 333 -5
e  281 360 10
e  130 783 5
e  298 637 -4
e  612 769 -5
e  287 936 -1
e  92 777 0
e  384 852 -3
e  89 993 -1
e  445 958 9
e  247 316 4
e  187 927 8
e  175 841 3
e  410 764 1
e  399 727 0
e  565 885 0
e  30 437 1
e  449 481 4
e  162 201 9
e  517 902 2
e  527 741 -1
e  161 318 9
e  77 174 8
e  190 501 -1
e  937 991 0
e  259 425 5
e  142 450 1
e  214 383 -2
e  416 741 10
e  79 339 10
e  47 281 5
e  375 791 -2
e  330 341 -1
e  739 788 7
e  627 800 4
e  629 804 5
e  638 677 -4
e  472 479 -1
e  112 990 5
e  736 875 0
e  118 416 -3
e  884 959 1
e  926 998 6
e  293 382 5
e  524 967 3
e  50 269 8
e  541 723 3
e  774 776 8
e  166 704 7
e  206 820 0
e  264 507 -2
e  27 445 -3
e  476 578 8
e  13 714 10
e  414 605 -5
e  766 881 1
e  425 816 7
e  627 755 7
e  33 953 9
e  40 910 -3
e  902 932 0
e  194 749 -4
e  761 804 10
e  143 584 -4
e  399 757 -4
e  211 875 7
e  128 607 3
e  178 375 3
e  336 903 5
e  611 670 5
e  246 941 6
e  535 567 -1
e  474 674 -5
e  507 851 -2
e  131 490 10
e  143 445 8
e  397 995 9
e  45 441 10
e  532 889 10
e  502 681 -5
e  619 828 0
e  876 925 3
e  231 530 9
e  699 712 0
e  260 306 5
e  930 981 -3
e  285 432 5
e  324 777 2
e  665 865 5
e  685 841 10
e  391 468 10
e  107 790 -1
e  358 729 -5
e  226 834 2
e  66 844 -4
e  510 708 4
e  373 537 -3
e  515 799 1
e  215 890 2
e  154 877 9
e  9 957 -5
e  484 706 7
e  591 712 -2
e  157 839 4
e  725 801 0
e  145 522 6
e  418 742 9
e  113 593 10
e  69 687 8
e  210 425 6
e  440 925 -4
e  542 893 -5
e  304 535 8
e  178 213 4
e  325 789 -2
e  529 738 9
e  27 645 -4
e  54 786 -3
e  486 785 0
e  173 273 4
e  158 391 9
e  149 656 5
e  299 583 6
e  571 840 8
e  144 255 4
e  7 273 7
e  84 120 0
e  105 818 6
e  578 863 -4
e  948 991 -3
e  514 840 9
e  341 435 2
e  538 630 10
e  485 857 -4
e  501 980 3
e  542 946 -2
e  564 637 9
e  658 660 -1
e  203 526 10
e  496 730 -3
e  769 886 6
e  98 912 7
e  232 676 -4
e  642 666 6
e  153 835 6
e  161 391 -4
e  224 828 8
e  199 555 10
e  122 641 0
e  539 705 -4
e  42 833 7
e  61 261 -3
e  68 136 10
e  119 716 7
e  65 645 6
e  650 831 9
e  181 309 -1
e  133 146 2
e  273 336 8
e  645 888 -5
e  777 941 -2
e  81 703 0
e  760 844 8
e  96 996 10
e  394 791 -5
e  5 961 7
e  1 33 3
e  116 799 4
e  145 594 8
e  590 758 10
e  160 270 -2
e  613 685 8
e  482 987 6
e  867 877 5
e  385 419 7
e  185 513 -1
e  797 819 1
e  398 888 0
e  187 964 -4
e  800 811 7
e  517 782 -5
e  475 835 1
e  317 622 -1
e  554 939 6
e  96 100 8
e  139 452 1
e  449 688 10
e  460 807 -1
e  142 293 9
e  83 349 6
e  391 588 0
e  331 924 8
e  149 737 5
e  610 953 10
e  445 733 2
e  673 779 -1
e  775 783 5
e  195 572 9
e  532 549 -1
e  308 981 4
e  206 955 0
e  602 857 10
e  804 805 10
e  67 983 -3
e  710 753 3
e  776 863 10
e  396 419 6
e  527 808 -2
e  298 668 3
e  293 591 9
e  508 657 1
e  665 953 7
e  152 751 -3
e  755 961 1
e  189 586 5
e  129 619 3
e  198 410 -5
e  927 972 -4
e  311 782 1
e  378 589 -1
e  125 956 10
e  206 235 2
e  44 584 -3
e  386 743 -2
e  254 616 10
e  247 823 5
e  459 563 -5
e  294 526 6
e  658 787 10
e  272 876 -1
e  187 835 1
e  868 925 -2
e  219 842 1
e  323 676 0
e  197 332 2
e  651 666 7
e  398 690 9
e  133 742 0
e  669 717 0
e  232 795 -4
e  330 481 6
e  19 212 -1
e  383 800 6
e  101 262 9
e  657 676 -1
e  554 589 8
e  351 779 -2
e  74 152 7
e  868 888 9
e  140 926 -3
e  716 890 -4
e  13 262 -4
e  852 969 9
e  238 788 0
e  78 110 8
e  493 841 5
e  265 407 9
e  403 509 0
e  125 273 7
e  366 491 3
e  327 889 9
e  705 796 -1
e  390 980 8
e  13 608 2
e  450 479 6
e  483 519 -1
e  630 857 8
e  417 510 4
e  2 40 3
e  460 935 9
e  112 654 1
e  65 366 -4
e  762 893 -1
e  903 954 -1
e  402 735 -1
e  143 486 -1
e  247 465 8
e  139 973 2
e  32 149 9
e  158 265 -5
e  51 565 2
e  135 984 7
e  669 993 -2
e  194 620 8
e  768 876 1
e  296 535 -5
e  229 992 5
e  45 293 -4
e  601 888 8
e  182 894 -3
e  332 952 5
e  808 816 2
e  49 268 -3
e  521 675 8
e  207 726 0
e  241 723 1
e  640 784 10
e  78 250 3
e  363 399 7
e  265 268 8
e  596 630 4
e  367 605 8
e  103 608 -3
e  33 432 7
e  710 972 3
e  44 434 3
e  465 473 0
e  474 692 10
e  483 963 9
e  442 997 5
e  380 687 5
e  605 886 1
e  529 545 10
e  299 329 2
e  266 642 -3
e  281 323 8
e  630 895 -3
e  314 694 10
e  165 583 9
e  455 670 1
e  502 709 -1
e  703 829 6
e  142 280 10
e  265 451 2
e  14 851 -5
e  563 568 9
e  70 507 8
e  348 732 3
e  302 881 -4
e  58 651 8
e  801 945 9
e  72 811 0
e  287 383 8
e  326 725 4
e  385 800 -2
e  13 762 10
e  312 760 6
e  390 680 8
e  354 792 -1
e  109 183 -4
e  122 358 5
e  41 884 8
e  204 301 3
e  145 437 -4
e  586 672 1
e  391 580 -5
e  869 917 0
e  488 955 10
e  593 841 5
e  733 750 -2
e  102 972 -2
e  389 761 6
e  224 363 -3
e  627 710 -2
e  208 450 8
e  456 478 8
e  280 955 3
e  15 791 9
e  408 425 -4
e  237 406 -4
e  634 922 1
e  254 444 4
e  326 510 7
e  419 967 -5
e  60 788 3
e  498 688 6
e  686 937 -2
e  245 869 2
e  21 304 -4
e  45 680 -4
e  287 867 1
e  335 963 8
e  78 319 4
e  554 924 2
e  54 405 1
e  304 305 -2
e  624 909 0
e  580 659 10
e  94 892 -3
e  261 368 7
e  287 771 -2
e  131 458 9
e  58 413 0
e  366 659 2
e  298 524 4
e  335 658 -4
e  692 816 1
e  254 849 1
e  543 843 -1
e  130 969 9
e  423 955 2
e  464 766 7
e  783 929 9
e  78 953 -4
e  182 318 -5
e  380 734 6
e  377 824 2
e  536 724 2
e  700 707 -2
e  212 967 4
e  109 942 -1
e  125 602 -5
e  261 485 4
e  131 151 5
e  295 813 4
e  482 807 4
e  661 741 6
e  210 377 10
e  495 729 3
e  86 987 -3
e  41 621 10
e  141 193 10
e  108 735 -4
e  27 356 8
e  488 636 1
e  954 990 6
e  125 619 9
e  135 211 0
e  477 846 8
e  687 919 9
e  292 947 0
e  92 861 2
e  555 813 3
e  701 946 -3
e  372 983 -3
e  323 776 1
e  678 819 -4
e  593 625 -2
e  104 896 6
e  260 799 10
e  34 400 -3
e  432 984 6
e  353 498 8
e  337 560 7
e  947 974 7
e  33 119 -5
e  396 900 4
e  334 482 5
e  47 228 10
e  309 469 10
e  103 630 3
e  28 147 8
e  194 911 5
e  79 274 2
e  63 548 -2
e  93 358 3
e  399 961 -4
e  829 965 -1
e  83 289 6
e  663 958 6
e  159 617 9
e  233 762 -5
e  406 792 8
e  51 689 -4
e  23 369 -4
e  191 570 6
e  209 401 5
e  28 833 6
e  251 554 -2
e  379 778 9
e  250 757 1
e  284 879 -2
e  172 837 -2
e  109 814 2
e  29 666 -3
e  3 91 -2
e  315 838 -1
e  195 277 9
e  65 97 -1
e  369 448 3
e  190 415 5
e  989 995 -2
e  130 652 -4
e  815 870 -3
e  602 719 -3
e  483 977 0
e  79 883 -1
e  685 952 -3
e  115 332 0
e  321 692 6
e  140 329 -2
e  415 508 0
e  311 589 -4
e  87 138 4
e  456 745 7
e  816 823 4
e  53 157 -3
e  183 890 -1
e  199 631 9
e  4 724 4
e  810 831 -4
e  12 757 6
e  736 900 9
e  379 721 5
e  520 767 9
e  445 726 -3
e  783 791 8
e  145 270 4
e  97 532 -2
e  119 447 -2
e  776 891 7
e  143 318 1
e  598 730 8
e  202 748 3
e  427 839 -2
e  240 450 3
e  121 546 8
e  16 164 -5
e  766 823 -3
e  512 994 -5
e  252 701 -3
e  719 996 -3
e  538 713 7
e  119 463 10
e  30 463 -4
e  46 670 6
e  7 791 9
e  27 264 -3
e  363 563 -3
e  233 509 6
e  252 861 1
e  806 986 3
e  102 195 -1
e  13 465 2
e  874 937 4
e  316 917 10
e  574 941 6
e  374 762 8
e  166 188 8
e  534 839 1
e  232 422 -1
e  26 716 6
e  437 642 -1
e  104 381 1
e  613 819 1
e  160 313 -1
e  544 698 2
e  654 796 -1
e  389 968 -2
e  274 918 8
e  82 533 1
e  299 603 -2
e  553 633 1
e  63 364 5
e  321 953 -3
e  436 467 -3
e  21 255 10
e  446 706 4
e  393 911 -5
e  268 528 7
e  154 612 4
e  237 436 8
e  355 603 6
e  353 551 7
e  8 868 -5
e  250 585 -3
e  580 806 -3
e  102 826 5
e  59 684 1
e  15 252 7
e  553 790 0
e  10 650 3
e  99 415 1
e  377 490 3
e  725 752 -3
e  824 900 -5
e  285 903 -3
e  296 647 -2
e  513 878 -1
e  233 978 0
e  405 962 4
e  6 645 -4
e  303 735 1
e  225 842 -5
e  24 818 5
e  754 896 -4
e  793 807 9
e  310 876 2
e  609 991 5
e  302 919 4
e  419 502 -3
e  609 659 -5
e  31 931 1
e  851 999 4
e  201 402 9
e  428 587 2
e  519 973 -3
e  527 563 -2
e  314 590 -3
e  361 694 8
e  48 342 6
e  599 885 0
e  727 811 -5
e  448 497 -4
e  192 578 -4
e  337 664 -5
e  123 289 5
e  14 934 1
e  929 976 1
e  992 994 8
e  58 846 -1
e  232 431 6
e  301 348 -2
e  255 636 -3
e  280 669 -5
e  383 848 8
e  339 582 -5
e  367 755 2
e  66 850 -2
e  324 452 9
e  237 886 -5
e  109 644 4
e  61 488 5
e  513 924 6
e  37 782 4
e  124 182 10
e  237 301 -1
e  229 666 0
e  609 683 -2
e  367 647 5
e  847 907 1
e  256 589 4
e  279 561 8
e  457 623 9
e  211 333 -4
e  177 268 -5
e  49 675 0
e  305 466 -2
e  359 789 5
e  29 587 10
e  366 744 9
e  130 650 2
e  94 614 0
e  78 868 10
e  80 756 1
e  218 444 7
e  188 565 7
e  115 954 2
e  574 715 -5
e  85 196 10
e  41 815 -4
e  611 875 10
e  467 504 10
e  80 411 9
e  167 624 7
e  12 870 5
e  501 581 -2
e  214 441 0
e  441 556 -4
e  222 575 9
e  536 882 -5
e  334 686 0
e  24 255 4
e  213 279 10
e  668 864 2
e  776 826 4
e  72 577 -5
e  267 629 -1
e  775 887 -5
e  172 247 9
e  26 639 8
e  283 331 -5
e  777 963 -3
e  193 458 3
e  426 949 -2
e  11 405 9
e  217 251 7
e  138 333 2
e  123 584 1
e  694 764 -4
e  212 413 4
e  399 999 -3
e  114 117 9
e  69 896 0
e  299 986 -4
e  862 937 -5
e  246 349 7
e  763 789 8
e  549 964 1
e  167 451 2
e  497 883 10
e  706 955 8
e  638 778 9
e  672 849 0
e  110 723 -1
e  69 887 -5
e  242 518 10
e  417 866 -2
e  24 892 1
e  137 615 1
e  114 821 6
e  582 604 -1
e  305 555 8
e  221 604 -2
e  289 788 5
e  920 974 0
e  10 448 2
e  424 675 2
e  201 409 9
e  708 775 8
e  62 255 -4
e  136 185 5
e  164 490 2
e  900 938 10
e  22 456 3
e  296 669 4
e  352 718 9
e  571 704 6
e  205 854 3
e  178 273 4
e  654 875 -5
e  173 368 1
e  439 513 -1
e  320 497 -5
e  432 805 -5
e  359 879 7
e  203 366 6
e  208 650 9
e  370 731 8
e  144 627 6
e  299 899 -3
e  141 481 2
e  37 603 4
e  122 673 10
e  110 216 6
e  63 683 4
e  510 817 5
e  234 721 2
e  74 175 0
e  395 410 -1
e  92 634 5
e  214 317 2
e  501 512 0
e  707 903 -1
e  281 430 4
e  260 350 7
e  236 959 3
e  278 886 4
e  294 988 3
e  215 543 8
e  853 990 0
e  27 609 -4
e  483 799 6
e  285 565 10
e  266 438 3
e  396 854 -2
e  592 619 9
e  340 383 4
e  623 669 9
e  259 668 5
e  68 655 -4
e  221 458 3
e  55 602 -5
e  573 982 7
e  312 616 2
e  305 513 5
e  361 862 4
e  16 535 -5
e  45 778 9
e  697 882 -4
e  41 231 8
e  159 233 -3
e  29 800 5
e  373 584 -1
e  31 828 5
e  487 664 -2
e  648 804 5
e  103 509 4
e  245 741 2
e  306 534 -5
e  382 805 10
e  70 295 9
e  679 870 4
e  626 861 6
e  355 636 3
e  114 955 -5
e  442 603 8
e  50 147 6
e  120 869 6
e  533 884 9
e  392 628 2
e  224 592 3
e  129 856 9
e  42 981 -2
e  35 339 4
e  288 372 1
e  241 290 1
e  144 232 -4
e  142 758 4
e  434 861 -4
e  816 824 2
e  70 851 9
e  338 462 6
e  62 478 -2
e  150 838 -1
e  179 364 1
e  540 797 7
e  801 866 10
e  275 316 0
e  441 607 6
e  222 427 -5
e  219 873 7
e  366 748 -4
e  639 708 4
e  689 799 10
e  248 340 7
e  90 311 -5
e  100 429 4
e  197 824 -4
e  186 238 3
e  207 369 6
e  25 448 2
e  240 803 -3
e  101 907 3
e  3 659 10
e  502 720 8
e  587 747 -2
e  661 933 -5
e  297 782 -5
e  586 997 10
e  514 878 7
e  12 609 2
e  58 92 6
e  358 533 10
e  209 672 6
e  106 770 10
e  602 985 9
e  397 915 3
e  60 247 0
e  252 395 7
e  362 846 0
e  428 476 -1
e  567 868 10
e  150 416 -2
e  249 492 4
e  589 885 7
e  502 985 0
e  222 522 -4
e  199 463 2
e  433 504 -1
e  237 259 0
e  516 593 5
e  406 509 3
e  456 587 4
e  322 736 7
e  437 456 -3
e  607 910 9
e  203 321 5
e  248 360 -5
e  384 767 10
e  65 73 -4
e  120 525 2
e  42 720 8
e  229 811 -3
e  426 713 7
e  80 749 -2
e  309 879 2
e  535 709 -3
e  353 982 1
e  277 572 -5
e  460 613 9
e  709 910 8
e  648 813 8
e  167 518 6
e  329 891 -1
e  425 672 -1
e  379 685 6
e  800 851 1
e  419 832 10
e  367 954 8
e  99 138 3
e  321 673 -4
e  211 286 8
e  414 964 9
e  255 660 -2
e  46 648 7
e  421 921 -4
e  555 871 10
e  479 521 -3
e  211 386 9
e  501 640 0
e  54 380 4
e  631 891 8
e  94 380 0
e  706 750 7
e  132 556 3
e  489 591 2
e  527 953 1
e  353 762 4
e  514 937 -4
e  796 975 5
e  195 265 1
e  237 590 1
e  173 186 -3
e  0 31 4
e  168 285 -2
e  73 983 3
e  434 533 3
e  228 992 1
e  394 647 -2
e  304 455 -4
e  854 939 0
e  188 297 10
e  306 456 4
e  595 704 -2
e  701 791 -4
e  37 74 -3
e  271 625 -1
e  227 442 1
e  716 924 2
e  683 951 2
e  7 706 8
e  21 768 1
e  651 786 1
e  417 743 -3
e  664 738 4
e  468 928 -5
e  515 608 10
e  308 963 -4
e  434 815 0
e  356 575 5
e  467 538 0
e  75 850 7
e  473 767 -4
e  476 629 8
e  622 902 -5
e  663 926 3
e  447 457 -5
e  114 183 8
e  152 298 2
e  366 652 10
e  59 353 1
e  39 583 -3
e  267 961 3
e  42 813 6
e  582 728 10
e  135 448 1
e  341 674 4
e  374 449 2
e  180 856 8
e  727 801 0
e  242 705 -2
e  497 795 -4
e  271 987 1
e  143 436 3
e  477 727 -3
e  2 345 6
e  432 528 1
e  412 644 -2
e  499 562 10
e  223 747 2
e  36 404 -3
e  173 468 0
e  290 440 10
e  150 515 8
e  316 772 3
e  316 641 9
e  68 625 2
e  172 829 3
e  413 574 8
e  52 292 8
e  352 364 9
e  818 973 -5
e  36 818 6
e  692 705 9
e  278 727 -2
e  559 997 -1
e  97 505 1
e  221 531 6
e  505 586 0
e  153 981 -3
e  460 698 6
e  233 823 1
e  279 623 3
e  125 531 -5
e  564 794 1
e  826 882 -3
e  397 771 2
e  179 786 0
e  298 895 5
e  426 564 -1
e  113 379 -2
e  560 796 6
e  260 481 3
e  224 597 3
e  598 785 1
e  742 960 -4
e  50 815 0
e  378 535 -3
e  450 526 2
e  117 835 3
e  283 918 -3
e  631 992 8
e  313 879 2
e  819 846 -1
e  427 601 8
e  51 809 0
e  848 919 2
e  266 998 10
e  491 764 5
e  658 688 2
e  591 772 2
e  971 994 8
e  580 642 2
e  420 972 6
e  497 894 8
e  183 442 -5
e  166 865 -5
e  717 958 7
e  97 610 -4
e  204 382 -5
e  221 816 1
e  412 809 3
e  48 639 4
e  622 891 4
e  107 525 -4
e  172 254 -5
e  646 935 -5
e  160 249 5
e  35 418 -4
e  527 567 10
e  661 876 -1
e  697 880 2
e  265 387 0
e  237 296 8
e  154 377 -4
e  36 529 1
e  199 886 3
e  88 230 4
e  816 993 10
e  643 968 1
e  14 611 2
e  205 504 1
e  155 507 6
e  20 164 3
e  843 944 -1
e  78 853 6
e  816 903 10
e  432 684 10
e  154 642 7
e  599 744 1
e  222 391 7
e  79 805 9
e  524 704 5
e  397 683 1
e  429 826 -5
e  834 918 -3
e  565 827 -1
e  403 921 -5
e  161 692 9
e  194 632 7
e  253 589 0
e  170 952 1
e  32 270 -2
e  547 986 -4
e  453 810 7
e  459 541 2
e  211 986 -5
e  77 189 9
e  573 636 3
e  10 866 9
e  356 375 -3
e  110 367 8
e  357 550 -1
e  289 954 -4
e  461 885 2
e  652 718 8
e  145 940 7
e  276 397 -4
e  756 927 0
e  209 565 5
e  262 941 -2
e  495 534 2
e  637 757 6
e  200 377 -2
e  390 789 10
e  0 22 10
e  169 884 -5
e  531 904 1
e  547 656 2
e  566 855 4
e  921 925 0
e  61 658 -3
e  296 802 3
e  91 624 7
e  176 856 -3
e  201 956 7
e  263 442 2
e  136 620 -2
e  339 927 1
e  542 875 6
e  13 707 9
e  480 783 -5
e  492 748 5
e  307 332 -1
e  2 672 -3
e  744 916 2
e  619 940 -3
e  345 764 8
e  34 239 -4
e  293 712 -5
e  279 281 7
e  38 81 5
e  388 421 1
e  753 838 0
e  198 905 8
e  134 832 6
e  438 789 6
e  195 627 7
e  823 838 7
e  878 988 -4
e  205 861 -1
e  22 151 0
e  756 933 8
e  99 982 -1
e  516 631 2
e  332 468 9
e  257 845 10
e  270 871 10
e  567 677 -2
e  325 696 10
e  303 507 -1
e  115 607 6
e  219 446 8
e  301 983 10
e  196 968 8
e  178 584 5
e  748 883 1
e  90 434 9
e  223 454 -5
e  237 969 9
e  290 781 5
e  768 830 -1
e  434 939 3
e  509 556 6
e  884 926 0
e  44 419 5
e  494 509 7
e  185 203 -2
e  56 659 6
e  16 264 9
e  369 900 0
e  246 773 -3
e  325 883 2
e  130 655 6
e  92 603 3
e  99 973 -2
e  261 882 10
e  20 237 -4
e  509 635 9
e  397 402 -2
e  332 626 5
e  259 313 -5
e  651 784 5
e  137 237 1
e  723 929 5
e  158 229 0
e  467 620 3
e  585 951 -2
e  382 933 10
e  583 963 -1
e  617 774 -3
e  22 778 1
e  275 987 -2
e  155 321 7
e  438 586 4
e  431 630 2
e  211 369 10
e  389 463 3
e  537 597 3
e  56 154 -3
e  569 697 -5
e  154 744 0
e  406 596 0
e  583 665 2
e  694 722 6
e  40 103 5
e  459 588 9
e  208 743 10
e  40 701 2
e  7 932 0
e  1 158 -4
e  370 619 8
e  489 512 0
e  27 961 2
e  515 823 -1
e  254 647 0
e  84 667 -3
e  244 872 -1
e  604 903 8
e  263 980 2
e  435 450 5
e  65 381 2
e  155 190 8
e  72 213 -5
e  9 458 -1
e  916 994 8
e  492 814 -1
e  107 392 9
e  895 984 7
e  7 452 0
e  509 963 -5
e  201 938 8
e  329 491 -2
e  552 554 0
e  514 555 -3
e  207 785 -4
e  191 601 5
e  214 511 7
e  699 853 5
e  102 644 -1
e  228 519 6
e  253 904 5
e  465 939 4
e  237 411 0
e  101 861 0
e  363 857 10
e  960 974 -5
e  700 832 5
e  68 89 -5
e  742 833 4
e  792 807 0
e  601 715 8
e  357 768 7
e  474 986 5
e  270 531 2
e  134 594 3
e  495 809 5
e  457 662 5
e  589 771 0
e  439 693 2
e  189 806 -5
e  170 222 -3
e  310 712 8
e  270 292 2
e  898 985 0
e  101 417 4
e  142 917 6
e  579 962 8
e  114 630 8
e  10 756 1
e  213 918 6
e  85 482 4
e  142 211 -1
e  220 596 8
e  424 608 10
e  519 789 2
e  754 855 4
e  155 320 6
e  266 425 0
e  341 406 4
e  272 856 -2
e  21 706 3
e  2 779 3
e  247 373 -4
e  295 984 4
e  362 537 5
e  286 832 7
e  838 889 4
e  566 776 8
e  653 926 -2
e  146 261 0
e  580 730 1
e  392 835 10
e  173 869 8
e  415 547 8
e  178 216 10
e  632 869 1
e  151 475 -5
e  676 849 10
e  144 613 10
e  262 661 8
e  65 258 1
e  146 878 7
e  551 810 -2
e  2 844 -4
e  187 828 -1
e  355 856 -5
e  113 695 10
e  74 614 3
e  24 828 3
e  66 400 9
e  837 861 4
e  879 986 2
e  397 416 10
e  470 528 4
e  123 969 -4
e  133 515 8
e  315 744 7
e  150 236 7
e  317 980 -4
e  597 853 8
e  35 967 6
e  787 869 2
e  174 922 8
e  652 797 6
e  838 929 7
e  231 242 3
e  623 651 2
e  426 663 8
e  250 714 10
e  460 942 3
e  248 728 7
e  820 940 10
e  199 968 -3
e  95 892 9
e  301 597 1
e  653 902 -1
e  136 970 -4
e  25 725 3
e  678 823 9
e  351 465 2
e  161 750 3
e  677 808 -4
e  169 465 -4
e  240 321 -2
e  456 458 2
e  79 404 -5
e  120 573 -4
e  34 207 10
e  949 990 7
e  468 922 2
e  62 443 -1
e  435 743 8
e  482 487 -4
e  821 833 1
e  339 685 7
e  699 864 4
e  221 820 -2
e  263 582 3
e  24 289 7
e  219 720 2
e  338 427 4
e  157 527 4
e  585 973 -3
e  847 956 4
e  31 117 -1
e  717 980 -5
e  731 825 -2
e  78 262 -4
e  585 619 3
e  179 479 0
e  133 798 9
e  925 938 5
e  334 928 2
e  706 800 9
e  267 691 5
e  355 918 8
e  193 883 2
e  202 480 1
e  39 274 3
e  142 480 1
e  315 649 9
e  344 948 2
e  396 421 10
e  499 597 7
e  142 848 -4
e  111 374 -1
e  99 736 7
e  94 922 4
e  159 569 4
e  124 641 6
e  29 138 -2
e  504 926 2
e  391 668 -1
e  0 571 2
e  238 472 -3
e  163 372 -2
e  356 429 6
e  157 216 1
e  648 734 7
e  830 908 -3
e  39 103 -1
e  194 942 -3
e  188 667 -5
e  395 420 8
e  117 537 -4
e  390 587 4
e  373 506 9
e  321 712 -3
e  33 241 10
e  448 603 -2
e  323 753 5
e  497 945 -3
e  159 829 2
e  37 889 -2
e  566 613 9
e  277 538 0
e  31 836 10
e  305 926 -1
e  498 874 4
e  101 313 2
e  1 299 3
e  855 861 -3
e  527 530 -1
e  0 546 -4
e  544 653 4
e  627 993 -3
e  67 380 -5
e  146 287 4
e  148 701 -2
e  72 492 7
e  429 922 -1
e  36 905 6
e  40 239 5
e  41 79 5
e  234 403 -4
e  4 789 0
e  87 621 -4
e  71 847 8
e  459 544 7
e  571 590 -2
e  282 664 5
e  45 225 10
e  391 736 3
e  533 865 -4
e  615 726 -2
e  149 306 4
e  779 817 5
e  44 710 3
e  591 824 2
e  863 925 10
e  308 620 -1
e  458 556 -4
e  373 404 1
e  182 191 1
e  137 642 1
e  374 987 -2
e  33 148 -3
e  558 583 -4
e  186 665 1
e  206 701 9
e  786 824 1
e  128 604 -4
e  509 626 -1
e  94 622 5
e  278 965 1
e  450 827 1
e  706 814 -2
e  439 507 9
e  290 650 0
e  492 851 9
e  413 570 -4
e  608 731 10
e  872 979 -5
e  693 962 5
e  34 881 9
e  64 663 2
e  626 954 -5
e  887 943 0
e  320 366 8
e  499 536 10
e  123 333 7
e  288 627 1
e  663 908 5
e  115 367 1
e  463 533 7
e  380 820 6
e  680 849 8
e  26 900 3
e  104 957 5
e  353 880 -3
e  206 715 7
e  506 684 -2
e  185 853 8
e  755 773 4
e  359 564 3
e  106 373 5
e  853 968 -2
e  76 811 0
e  831 854 4
e  257 356 -5
e  619 879 -1
e  814 889 -3
e  336 857 -1
e  266 323 9
e  680 857 1
e  436 585 5
e  318 511 -5
e  824 866 3
e  157 424 8
e  768 781 3
e  260 559 -5
e  482 730 -1
e  94 746 6
e  430 805 8
e  213 612 6
e  192 316 -2
e  236 501 -3
e  259 769 1
e  506 640 -5
e  798 852 0
e  5 300 6
e  186 499 1
e  73 706 5
e  4 666 2
e  45 681 -1
e  536 835 -1
e  203 310 2
e  115 560 -5
e  580 866 -5
e  554 677 6
e  703 741 7
e  374 916 4
e  589 615 6
e  110 568 3
e  117 911 3
e  130 202 5
e  663 867 -5
e  531 559 6
e  656 944 10
e  164 287 6
e  184 684 -3
e  404 493 -2
e  90 678 -1
e  250 361 7
e  112 396 9
e  124 354 7
e  883 993 5
e  31 231 0
e  462 657 -1
e  441 653 10
e  348 688 7
e  215 378 3
e  829 854 6
e  658 701 -2
e  95 212 -1
e  1 541 0
e  447 601 1
e  847 960 -1
e  364 842 1
e  266 838 5
e  833 935 -2
e  78 613 7
e  357 446 10
e  97 271 -3
e  386 595 9
e  476 879 5
e  655 901 10
e  178 403 1
e  215 743 8
e  381 938 -2
e  373 576 0
e  381 746 0
e  566 693 5
e  465 828 -2
e  23 281 -1
e  18 704 10
e  365 969 -5
e  5 426 2
e  175 255 -3
e  417 916 -5
e  242 632 3
e  377 527 -3
e  335 847 10
e  412 636 1
e  207 545 10
e  542 624 4
e  10 667 1
e  94 129 3
e  160 563 9
e  270 314 5
e  251 991 7
e  494 829 7
e  493 817 9
e  387 923 10
e  7 515 6
e  435 679 4
e  553 848 3
e  639 865 10
e  949 952 0
e  39 51 4
e  184 371 6
e  7 421 -2
e  92 698 2
e  12 502 0
e  798 905 9
e  212 837 -2
e  411 884 1
e  7 728 4
e  104 823 4
e  39 111 -5
e  466 498 -3
e  50 429 3
e  298 468 7
e  179 603 10
e  14 394 -5
e  106 381 10
e  618 992 7
e  291 421 5
e  252 440 -5
e  737 741 -4
e  552 979 -1
e  629 833 10
e  177 707 0
e  28 916 8
e  531 575 -4
e  484 791 9
e  100 205 -3
e  168 734 1
e  18 59 1
e  73 384 10
e  327 531 8
e  3 370 9
e  396 749 9
e  163 659 2
e  100 353 -2
e  42 271 1
e  14 763 6
e  526 555 9
e  48 241 -5
e  134 544 -1
e  4 308 -5
e  193 851 -3
e  37 195 -1
e  114 903 -3
e  273 392 1
e  111 848 5
e  444 660 4
e  377 492 -2
e  533 988 5
e  342 977 -5
e  247 356 0
e  191 782 -2
e  494 731 3
e  160 896 3
e  584 666 2
e  396 831 4
e  734 857 6
e  791 905 6
e  295 791 -5
e  773 914 -5
e  109 889 7
e  192 458 2
e  551 796 1
e  98 701 1
e  136 365 3
e  97 173 7
e  665 912 4
e  476 960 8
e  191 662 10
e  484 972 9
e  79 506 6
e  394 940 10
e  489 774 7
e  540 708 7
e  46 940 1
e  449 603 5
e  816 929 0
e  85 462 -5
e  144 207 -3
e  685 908 0
e  207 688 -4
e  455 597 4
e  56 202 3
e  204 441 1
e  111 330 3
e  795 918 6
e  856 920 4
e  232 530 2
e  381 852 -4
e  745 848 -3
e  480 654 -3
e  85 91 7
e  211 851 9
e  535 916 6
e  260 386 10
e  227 839 6
e  571 798 5
e  719 920 -2
e  203 941 -5
e  772 872 8
e  385 998 8
e  56 737 -1
e  286 481 -3
e  662 886 -1
e  218 462 1
e  85 675 10
e  353 380 7
e  23 405 9
e  335 625 -5
e  32 694 -4
e  78 662 -4
e  48 945 -3
e  185 335 -4
e  588 631 1
e  188 813 -5
e  617 627 6
e  294 547 0
e  322 722 9
e  503 882 -2
e  239 257 2
e  693 944 -1
e  282 583 7
e  416 460 6
e  308 681 9
e  363 387 10
e  387 621 5
e  195 568 10
e  676 913 5
e  507 993 -3
e  493 849 8
e  425 590 -4
e  78 627 3
e  292 547 3
e  354 899 7
e  111 422 -1
e  616 991 -4
e  134 771 1
e  7 370 -2
e  368 839 0
e  579 834 -1
e  289 686 0
e  54 993 4
e  2 578 4
e  119 679 -4
e  426 968 1
e  462 549 -2
e  672 850 5
e  94 245 1
e  74 595 4
e  280 597 -3
e  430 485 4
e  203 287 6
e  528 591 9
e  271 576 -5
e  238 984 5
e  974 992 10
e  478 985 7
e  338 670 -5
e  213 257 6
e  55 439 3
e  623 673 -3
e  239 624 4
e  560 762 2
e  130 401 3
e  438 824 3
e  630 944 3
e  63 253 8
e  119 465 3
e  853 866 -1
e  176 618 2
e  364 482 9
e  145 264 1
e  509 733 7
e  802 843 5
e  324 710 -4
e  228 238 9
e  432 539 9
e  279 585 2
e  302 775 7
e  697 900 -1
e  339 744 9
e  145 685 1
e  136 874 -4
e  773 927 3
e  581 804 -1
e  560 760 -1
e  308 376 0
e  594 914 2
e  160 600 6
e  136 622 7
e  332 359 3
e  0 424 -4
e  125 696 -2
e  64 828 -3
e  168 189 2
e  504 558 -1
e  121 205 3
e  19 457 -3
e  120 289 7
e  648 984 2
e  17 954 2
e  740 778 0
e  8 400 9
e  671 726 3
e  514 706 2
e  609 650 -5
e  247 597 4
e  140 639 -4
e  497 707 9
e  491 859 3
e  328 691 3
e  242 960 -1
e  466 735 5
e  12 677 3
e  536 937 3
e  202 716 -1
e  638 640 -4
e  344 743 6
e  167 663 -4
e  193 212 -5
e  145 390 10
e  531 664 5
e  240 779 5
e  549 838 6
e  329 439 6
e  339 383 -2
e  74 331 7
e  394 673 5
e  240 836 1
e  444 912 -4
e  503 534 8
e  30 178 3
e  598 728 -1
e  501 829 8
e  594 901 6
e  547 567 9
e  258 941 5
e  815 882 10
e  206 403 -3
e  656 732 2
e  408 979 9
e  738 815 6
e  415 789 10
e  272 490 7
e  138 690 3
e  92 708 -1
e  96 130 -2
e  598 956 1
e  324 412 2
e  387 450 2
e  368 443 8
e  173 308 6
e  590 896 5
e  370 434 1
e  416 727 -3
e  387 820 -2
e  347 928 -4
e  201 776 1
e  32 960 7
e  203 895 0
e  316 471 3
e  456 521 5
e  459 804 5
e  193 512 -1
e  522 813 10
e  170 455 -1
e  128 706 1
e  120 689 -1
e  265 573 0
e  32 998 2
e  548 842 0
e  286 625 5
e  594 922 -2
e  708 977 7
e  318 656 8
e  555 781 9
e  429 458 7
e  601 969 -2
e  609 959 3
e  593 899 2
e  64 980 -2
e  89 275 5
e  762 786 2
e  425 705 -5
e  141 817 -1
e  115 851 -5
e  27 142 10
e  508 528 2
e  210 749 9
e  225 862 -2
e  690 851 -5
e  207 732 4
e  114 290 -4
e  41 607 5
e  23 473 5
e  805 984 8
e  532 764 -4
e  380 741 -5
e  713 816 6
e  580 619 1
e  721 781 -4
e  393 413 9
e  151 509 10
e  100 438 0
e  389 963 9
e  102 444 2
e  631 802 6
e  576 767 9
e  623 701 -3
e  459 510 1
e  93 303 5
e  322 676 0
e  358 581 10
e  436 608 -5
e  676 742 5
e  277 871 -4
e  277 963 -4
e  664 866 -1
e  329 391 -5
e  18 882 1
e  406 910 5
e  563 707 8
e  755 938 -4
e  522 862 5
e  150 644 0
e  317 904 2
e  356 418 -5
e  370 942 10
e  519 616 1
e  762 828 6
e  472 571 5
e  288 569 1
e  277 386 -3
e  184 219 8
e  394 788 0
e  160 449 0
e  215 826 -3
e  168 290 7
e  757 931 -5
e  41 768 1
e  499 905 9
e  265 807 -1
e  357 631 1
e  12 846 3
e  394 755 3
e  72 547 4
e  140 874 8
e  456 754 -3
e  97 843 -4
e  334 417 1
e  495 770 -4
e  405 845 2
e  265 810 2
e  726 928 -2
e  341 584 -3
e  163 468 7
e  259 345 -3
e  22 892 0
e  177 390 0
e  121 548 2
e  552 981 2
e  380 569 5
e  75 810 -5
e  240 709 -1
e  58 527 10
e  217 824 -3
e  796 834 0
e  748 979 7
e  512 648 7
e  55 632 -4
e  5 548 4
e  711 758 1
e  138 842 8
e  310 633 -4
e  558 835 5
e  44 577 10
e  746 939 1
e  42 196 -5
e  176 389 4
e  58 266 7
e  138 791 0
e  74 586 -4
e  188 456 6
e  365 674 3
e  351 865 -3
e  106 798 -2
e  329 562 -3
e  234 515 0
e  124 736 10
e  467 740 1
e  617 813 -5
e  300 957 -2
e  134 623 6
e  604 611 10
e  244 629 5
e  426 457 3
e  269 477 10
e  879 965 0
e  2 768 -1
e  375 550 1
e  409 759 5
e  121 774 5
e  47 163 -3
e  186 920 -5
e  85 589 -1
e  714 764 3
e  76 543 8
e  404 641 5
e  447 618 3
e  536 759 -3
e  497 624 4
e  581 824 -5
e  567 844 -4
e  636 969 2
e  81 231 1
e  250 413 -3
e  453 922 -5
e  34 295 -1
e  130 822 -5
e  691 913 2
e  100 292 6
e  62 486 2
e  508 892 -4
e  44 755 2
e  209 439 8
e  453 704 9
e  530 987 -2
e  723 960 2
e  501 732 -1
e  68 79 6
e  1 509 3
e  54 498 1
e  466 880 6
e  23 843 6
e  157 218 4
e  153 424 7
e  297 992 -2
e  176 621 3
e  61 321 2
e  719 832 9
e  265 394 0
e  273 676 4
e  140 321 -4
e  191 516 9
e  411 967 -2
e  430 868 10
e  183 258 5
e  16 175 7
e  734 818 5
e  112 370 9
e  493 494 10
e  37 981 -2
e  220 412 -3
e  248 637 9
e  527 759 -3
e  165 645 6
e  102 959 8
e  293 680 10
e  520 933 6
e  477 728 -4
e  40 256 0
e  203 845 -1
e  120 399 -2
e  980 982 -1
e  450 482 -2
e  537 807 -3
e  321 877 0
e  104 229 7
e  293 961 -3
e  705 863 3
e  71 628 7
e  105 926 -4
e  550 798 8
e  301 533 3
e  272 790 7
e  89 205 1
e  324 700 -2
e  157 687 -3
e  223 661 8
e  249 690 3
e  576 804 -5
e  121 800 8
e  601 775 8
e  279 538 7
e  302 907 9
e  276 376 7
e  138 884 3
e  43 571 3
e  443 911 4
e  667 857 -1
e  146 729 1
e  94 201 -2
e  226 633 -2
e  824 994 0
e  708 751 2
e  20 141 6
e  100 542 1
e  18 848 -2
e  6 499 10
e  263 737 -5
e  596 597 9
e  257 336 -2
e  765 774 4
e  489 762 2
e  879 994 -4
e  204 776 9
e  63 560 6
e  637 975 4
e  493 839 -3
e  303 592 2
e  127 399 9
e  134 397 6
e  150 695 -4
e  17 744 3
e  285 467 -5
e  362 664 0
e  286 619 10
e  534 880 7
e  104 698 0
e  908 951 9
e  100 479 10
e  586 718 7
e  35 87 -1
e  708 949 4
e  644 846 4
e  569 676 -5
e  939 960 1
e  195 971 -2
e  893 983 3
e  626 647 9
e  226 826 -5
e  257 760 -2
e  154 872 -5
e  354 634 -3
e  97 231 7
e  315 650 -2
e  141 574 6
e  176 959 4
e  677 687 0
e  364 477 -2
e  734 784 7
e  690 969 2
e  32 869 3
e  473 808 6
e  209 276 4
e  102 830 -1
e  334 846 -2
e  253 521 10
e  109 387 -1
e  424 553 -1
e  446 923 5
e  456 936 1
e  286 596 5
e  523 678 -4
e  32 849 -5
e  594 855 4
e  105 411 -2
e  655 737 -2
e  58 836 2
e  270 320 -5
e  468 805 6
e  380 955 0
e  472 995 2
e  43 211 5
e  236 762 7
e  426 972 -5
e  62 324 -5
e  529 572 -5
e  58 775 -5
e  463 600 -4
e  143 416 1
e  519 579 -5
e  352 860 10
e  36 147 4
e  781 911 -1
e  693 854 -1
e  233 798 5
e  563 945 4
e  52 464 3
e  358 478 -3
e  17 789 5
e  139 346 -4
e  85 228 7
e  47 376 9
e  441 870 -5
e  274 913 -5
e  578 740 10
e  956 985 -1
e  110 738 -4
e  273 579 10
e  331 454 1
e  195 795 6
e  225 346 10
e  30 272 10
e  637 860 6
e  271 994 7
e  281 873 4
e  449 564 1
e  53 797 3
e  128 474 5
e  230 670 -2
e  864 893 -4
e  80 567 4
e  536 546 3
e  71 493 -5
e  406 899 3
e  26 156 9
e  219 949 10
e  70 985 9
e  416 610 10
e  505 999 -5
e  579 887 2
e  457 654 10
e  169 332 -4
e  146 778 7
e  204 464 -1
e  211 973 -5
e  462 496 2
e  230 772 9
e  555 568 9
e  613 882 0
e  279 951 -1
e  123 446 4
e  455 722 8
e  456 588 5
e  179 636 7
e  373 423 1
e  197 336 -1
e  132 184 10
e  100 653 -1
e  149 670 -3
e  121 890 -5
e  806 927 8
e  319 979 3
e  521 696 1
e  13 491 0
e  413 851 -2
e  123 645 4
e  21 137 -4
e  608 621 7
e  303 426 8
e  165 239 0
e  639 998 -1
e  301 420 -2
e  892 947 4
e  693 747 4
e  448 835 -2
e  119 330 2
e  281 467 6
e  424 802 -3
e  255 546 -5
e  488 737 5
e  172 655 2
e  507 739 5
e  339 718 -2
e  31 409 8
e  438 562 -1
e  176 903 -5
e  502 936 5
e  352 896 -2
e  686 943 1
e  110 980 2
e  201 446 9
e  407 847 -2
e  236 551 8
e  444 550 -3
e  869 967 -5
e  174 744 3
e  381 850 -2
e  708 844 5
e  34 868 -1
e  246 369 -1
e  236 919 5
e  48 381 0
e  179 311 4
e  702 896 2
e  555 735 -5
e  434 855 3
e  325 781 2
e  217 514 8
e  104 667 -2
e  162 282 7
e  9 697 6
e  867 995 9
e  133 697 -1
e  661 964 8
e  255 605 -1
e  55 588 3
e  656 811 6
e  318 698 -4
e  478 823 -5
e  249 466 -2
e  343 568 -4
e  65 283 3
e  12 310 8
e  191 203 0
e  234 828 -4
e  781 857 -2
e  76 393 7
e  208 873 1
e  290 978 7
e  159 454 -1
e  145 392 2
e  244 816 -3
e  603 610 -4
e  297 837 -4
e  362 675 8
e  797 990 8
e  123 430 10
e  581 613 7
e  122 677 -5
e  335 445 -4
e  110 481 5
e  697 841 5
e  225 359 6
e  8 391 3
e  405 782 8
e  443 977 6
e  259 755 1
e  488 940 0
e  48 407 2
e  13 384 -3
e  54 356 5
e  691 879 -2
e  379 583 0
e  103 887 -2
e  11 858 10
e  701 935 10
e  164 795 10
e  356 587 7
e  478 870 0
e  624 937 -3
e  498 578 9
e  113 470 2
e  8 597 6
e  45 424 2
e  882 911 4
e  684 849 -3
e  345 862 3
e  89 197 -2
e  406 558 -2
e  213 414 -3
e  230 311 8
e  238 307 7
e  721 890 0
e  723 814 1
e  864 871 -5
e  709 974 3
e  408 640 9
e  95 126 -2
e  345 733 -4
e  744 769 -1
e  374 455 -3
e  339 916 -4
e  756 772 10
e  676 908 -5
e  482 859 2
e  4 771 -1
e  45 549 9
e  218 782 -1
e  627 875 -1
e  89 950 5
e  439 649 5
e  431 489 7
e  504 822 6
e  455 615 6
e  335 442 9
e  248 623 8
e  407 447 0
e  615 995 2
e  450 559 3
e  488 496 -4
e  840 899 4
e  650 955 6
e  641 644 9
e  15 909 -5
e  669 917 -2
e  46 168 9
e  71 995 7
e  237 414 3
e  351 842 10
e  297 611 -3
e  71 495 -3
e  144 946 8
e  136 577 -2
e  343 584 4
e  256 452 0
e  682 941 -3
e  162 581 9
e  530 964 7
e  41 667 7
e  244 969 -1
e  140 635 3
e  364 474 4
e  296 952 9
e  252 362 -4
e  82 89 8
e  194 871 -4
e  865 975 10
e  330 692 4
e  467 967 -5
e  475 981 1
e  461 762 3
e  31 137 -5
e  119 751 0
e  391 467 1
e  700 909 3
e  285 453 8
e  127 188 10
e  66 572 3
e  214 416 0
e  210 937 4
e  396 429 7
e  464 793 1
e  842 959 1
e  150 341 8
e  534 741 1
e  270 452 9
e  181 344 -5
e  235 462 -4
e  534 568 -5
e  530 651 -2
e  553 811 -4
e  351 762 2
e  206 304 4
e  358 635 0
e  729 880 9
e  85 989 3
e  180 548 0
e  60 538 -3
e  154 261 8
e  228 667 -2
e  613 924 -4
e  69 214 9
e  227 256 -3
e  729 953 3
e  741 893 -5
e  433 689 6
e  40 190 8
e  533 660 8
e  467 596 0
e  38 354 4
e  61 543 9
e  284 555 0
e  242 554 -4
e  81 934 3
e  585 853 8
e  143 696 -3
e  289 308 8
e  802 968 -3
e  893 937 3
e  51 430 1
e  36 787 7
e  545 861 7
e  331 932 4
e  260 736 8
e  27 595 0
e  83 520 1
e  6 366 1
e  204 469 -5
e  99 280 -2
e  134 621 4
e  554 727 5
e  831 835 9
e  802 981 6
e  29 668 -1
e  253 885 9
e  466 973 0
e  631 815 6
e  11 537 3
e  508 882 1
e  967 984 9
e  83 115 3
e  528 960 8
e  211 273 0
e  541 847 6
e  496 685 7
e  729 817 1
e  571 669 4
e  188 214 4
e  318 949 -3
e  286 590 -1
e  121 830 6
e  384 649 0
e  126 700 8
e  55 867 10
e  228 257 2
e  530 939 7
e  568 682 3
e  123 378 -5
e  110 522 9
e  595 681 5
e  277 947 -5
e  684 952 -3
e  817 986 8
e  42 420 9
e  244 459 7
e  211 241 -5
e  290 323 -3
e  110 248 7
e  425 660 9
e  615 884 7
e  171 957 -4
e  192 968 -1
e  694 928 -1
e  461 566 5
e  418 758 1
e  232 247 3
e  260 532 3
e  107 223 6
e  244 864 7
e  209 722 -2
e  868 926 -5
e  737 952 6
e  95 995 4
e  464 855 -2
e  107 446 -3
e  706 761 8
e  125 361 -3
e  676 897 -3
e  491 955 -4
e  8 855 8
e  389 393 6
e  929 981 9
e  262 650 7
e  112 259 5
e  173 832 6
e  247 525 -2
e  478 771 0
e  697 784 0
e  591 651 -3
e  98 742 -2
e  152 658 9
e  266 360 1
e  405 559 10
e  473 804 5
e  86 909 -5
e  593 919 -2
e  107 837 1
e  244 318 1
e  780 942 4
e  25 371 3
e  564 953 -2
e  570 976 10
e  394 683 9
e  197 491 1
e  386 857 7
e  478 810 4
e  241 738 -5
e  360 866 -5
e  99 511 7
e  570 744 -2
e  879 964 -1
e  538 576 -5
e  58 423 3
e  133 282 2
e  648 853 -2
e  456 911 10
e  169 335 -5
e  72 451 -5
e  363 590 -3
e  647 946 3
e  29 285 -5
e  169 872 8
e  95 180 -2
e  574 900 9
e  503 961 8
e  436 747 3
e  505 730 4
e  208 653 5
e  143 826 1
e  402 562 -3
e  126 840 0
e  725 950 8
e  971 975 -3
e  110 893 3
e  445 671 9
e  0 256 -3
e  29 620 3
e  83 924 -5
e  68 975 7
e  134 180 3
e  186 775 2
e  17 176 -3
e  44 885 -1
e  303 561 7
e  443 762 -4
e  10 127 7
e  224 580 2
e  569 686 5
e  552 801 5
e  432 544 10
e  149 581 9
e  51 796 8
e  250 591 7
e  551 799 4
e  256 929 2
e  193 916 10
e  347 426 10
e  466 565 -2
e  913 957 6
e  757 925 0
e  144 862 9
e  166 236 -5
e  108 125 5
e  731 964 9
e  812 990 -5
e  248 604 2
e  209 652 -2
e  164 864 0
e  105 129 2
e  78 462 7
e  93 208 3
e  59 860 6
e  516 746 -3
e  613 971 9
e  441 539 -5
e  228 524 1
e  593 656 2
e  823 856 -5
e  230 524 0
e  372 522 1
e  209 610 8
e  464 627 0
e  74 330 4
e  576 640 2
e  220 509 8
e  700 959 -1
e  154 444 0
e  347 910 6
e  73 942 -1
e  653 790 -3
e  134 359 -3
e  2 815 1
e  681 982 -5
e  150 470 -2
e  373 721 -4
e  409 762 -2
e  434 911 -2
e  240 419 4
e  449 538 0
e  276 666 10
e  159 421 -5
e  36 162 -5
e  338 694 5
e  161 373 6
e  115 700 10
e  70 991 -5
e  56 126 9
