c Minimum Spanning Tree
c
c nodes:  1000 ; arcs:  6000 ; cost range:  -5 - 10
c
p mst  1000 6000
e  0 1 9
e  0 2 -5
e  2 3 6
e  2 4 0
e  0 5 0
e  2 6 7
e  3 7 1
e  2 8 4
e  7 9 -5
e  6 10 3
e  9 11 -2
e  8 12 -4
e  9 13 7
e  4 14 6
e  1 15 10
e  12 16 -3
e  11 17 5
e  4 18 7
e  8 19 8
e  0 20 8
e  2 21 8
e  3 22 2
e  13 23 3
e  13 24 5
e  9 25 4
e  24 26 6
e  17 27 -2
e  11 28 4
e  13 29 8
e  6 30 -1
e  3 31 3
e  21 32 7
e  17 33 1
e  3 34 -1
e  10 35 -3
e  13 36 5
e  10 37 10
e  26 38 -4
e  0 39 0
e  21 40 9
e  21 41 -1
e  31 42 2
e  7 43 8
e  23 44 7
e  24 45 -3
e  25 46 -2
e  8 47 -2
e  9 48 4
e  46 49 4
e  34 50 6
e  7 51 1
e  7 52 -2
e  35 53 2
e  39 54 -5
e  30 55 7
e  48 56 -3
e  26 57 0
e  40 58 5
e  14 59 3
e  18 60 8
e  39 61 8
e  53 62 1
e  18 63 5
e  39 64 10
e  51 65 1
e  2 66 -5
e  32 67 7
e  43 68 -2
e  47 69 4
e  39 70 3
e  4 71 4
e  56 72 -3
e  46 73 7
e  4 74 -5
e  28 75 10
e  4 76 6
e  1 77 4
e  21 78 2
e  38 79 8
e  48 80 9
e  22 81 2
e  11 82 -1
e  32 83 5
e  43 84 -4
e  13 85 4
e  70 86 5
e  61 87 2
e  78 88 1
e  77 89 7
e  79 90 8
e  49 91 -3
e  18 92 0
e  57 93 2
e  14 94 1
e  8 95 3
e  29 96 5
e  95 97 9
e  32 98 9
e  29 99 -1
e  51 100 10
e  74 101 2
e  65 102 -5
e  100 103 10
e  0 104 -3
e  34 105 10
e  75 106 -2
e  8 107 -4
e  76 108 5
e  105 109 -4
e  93 110 7
e  32 111 -2
e  75 112 3
e  26 113 -3
e  71 114 4
e  70 115 10
e  75 116 9
e  59 117 -2
e  109 118 2
e  63 119 2
e  103 120 9
e  108 121 2
e  105 122 8
e  50 123 3
e  6 124 -5
e  52 125 1
e  71 126 3
e  79 127 7
e  100 128 8
e  90 129 1
e  32 130 4
e  44 131 -4
e  5 132 -4
e  22 133 0
e  47 134 3
e  130 135 1
e  126 136 -4
e  128 137 -4
e  104 138 4
e  105 139 -3
e  50 140 -5
e  26 141 2
e  111 142 -3
e  131 143 -1
e  96 144 -5
e  113 145 -3
e  142 146 7
e  14 147 9
e  26 148 9
e  84 149 2
e  3 150 -1
e  136 151 -3
e  45 152 -1
e  86 153 4
e  24 154 9
e  99 155 2
e  57 156 10
e  139 157 9
e  10 158 -3
e  7 159 -2
e  157 160 8
e  140 161 -4
e  55 162 -3
e  121 163 -4
e  22 164 3
e  153 165 4
e  58 166 4
e  19 167 0
e  74 168 0
e  40 169 -3
e  103 170 -4
e  131 171 6
e  61 172 0
e  15 173 7
e  130 174 2
e  126 175 4
e  19 176 8
e  47 177 6
e  6 178 1
e  169 179 0
e  110 180 4
e  91 181 0
e  96 182 -4
e  152 183 5
e  114 184 -1
e  99 185 2
e  103 186 -1
e  125 187 6
e  6 188 4
e  95 189 4
e  63 190 1
e  129 191 8
e  175 192 7
e  160 193 7
e  28 194 9
e  15 195 7
e  132 196 -2
e  187 197 -2
e  179 198 7
e  109 199 -2
e  42 200 3
e  190 201 7
e  90 202 8
e  85 203 9
e  163 204 -4
e  138 205 1
e  95 206 8
e  41 207 -5
e  13 208 9
e  14 209 0
e  181 210 8
e  34 211 1
e  132 212 6
e  112 213 7
e  110 214 3
e  136 215 1
e  146 216 5
e  196 217 2
e  153 218 7
e  106 219 0
e  151 220 8
e  177 221 -5
e  89 222 -5
e  91 223 -3
e  186 224 -2
e  224 225 2
e  1 226 -3
e  224 227 5
e  53 228 -2
e  194 229 -2
e  109 230 4
e  29 231 3
e  200 232 -2
e  106 233 -1
e  61 234 5
e  160 235 9
e  61 236 -3
e  32 237 -3
e  93 238 -1
e  202 239 8
e  83 240 3
e  77 241 -1
e  3 242 2
e  46 243 3
e  184 244 -2
e  68 245 5
e  28 246 4
e  181 247 6
e  186 248 5
e  154 249 -5
e  95 250 -1
e  116 251 -3
e  28 252 -3
e  225 253 -3
e  240 254 6
e  247 255 1
e  210 256 5
e  4 257 7
e  189 258 5
e  216 259 -2
e  237 260 6
e  141 261 1
e  91 262 9
e  123 263 5
e  40 264 9
e  262 265 5
e  42 266 -2
e  205 267 8
e  230 268 9
e  129 269 0
e  204 270 2
e  106 271 2
e  169 272 6
e  207 273 9
e  203 274 -1
e  8 275 1
e  225 276 -3
e  245 277 -3
e  204 278 9
e  104 279 -1
e  184 280 8
e  260 281 -5
e  252 282 7
e  25 283 4
e  5 284 -3
e  40 285 1
e  217 286 4
e  118 287 4
e  58 288 9
e  149 289 -5
e  18 290 4
e  240 291 -2
e  112 292 -3
e  46 293 1
e  103 294 3
e  90 295 -1
e  146 296 -4
e  255 297 2
e  74 298 -3
e  269 299 10
e  133 300 1
e  92 301 0
e  254 302 -3
e  33 303 -3
e  262 304 -2
e  17 305 -5
e  134 306 10
e  1 307 7
e  265 308 2
e  6 309 3
e  283 310 8
e  35 311 -2
e  69 312 -2
e  149 313 1
e  168 314 6
e  149 315 3
e  120 316 0
e  241 317 -4
e  173 318 9
e  64 319 3
e  189 320 2
e  8 321 5
e  100 322 4
e  103 323 7
e  317 324 1
e  145 325 1
e  319 326 3
e  24 327 8
e  319 328 3
e  155 329 0
e  282 330 -4
e  70 331 -4
e  318 332 1
e  188 333 -2
e  290 334 -5
e  112 335 1
e  244 336 -3
e  63 337 1
e  78 338 -2
e  7 339 10
e  115 340 1
e  179 341 6
e  124 342 3
e  164 343 0
e  12 344 5
e  67 345 -1
e  205 346 -4
e  193 347 -2
e  41 348 2
e  206 349 9
e  13 350 -1
e  86 351 5
e  322 352 3
e  142 353 3
e  158 354 8
e  128 355 1
e  200 356 -1
e  28 357 8
e  345 358 -5
e  294 359 8
e  75 360 4
e  198 361 2
e  282 362 -1
e  333 363 10
e  195 364 2
e  314 365 0
e  316 366 6
e  309 367 8
e  191 368 8
e  64 369 -2
e  20 370 10
e  303 371 1
e  135 372 -4
e  130 373 6
e  35 374 -5
e  323 375 9
e  91 376 0
e  16 377 5
e  298 378 7
e  199 379 4
e  158 380 5
e  59 381 2
e  376 382 4
e  246 383 1
e  330 384 1
e  58 385 -5
e  140 386 7
e  0 387 9
e  267 388 6
e  235 389 2
e  142 390 2
e  124 391 1
e  1 392 5
e  371 393 -1
e  338 394 -1
e  165 395 0
e  279 396 6
e  356 397 0
e  353 398 1
e  100 399 0
e  185 400 7
e  27 401 -5
e  135 402 -1
e  332 403 0
e  70 404 7
e  90 405 10
e  375 406 -5
e  364 407 -3
e  58 408 -2
e  266 409 8
e  350 410 -1
e  369 411 2
e  175 412 3
e  324 413 2
e  192 414 8
e  213 415 -1
e  216 416 2
e  400 417 -1
e  376 418 3
e  339 419 3
e  16 420 -5
e  264 421 -5
e  81 422 10
e  65 423 6
e  132 424 -4
e  79 425 2
e  2 426 -1
e  37 427 -2
e  281 428 9
e  162 429 3
e  368 430 10
e  399 431 2
e  102 432 8
e  413 433 2
e  10 434 2
e  421 435 -4
e  52 436 -4
e  80 437 2
e  416 438 5
e  186 439 -4
e  340 440 10
e  101 441 5
e  140 442 0
e  49 443 -4
e  320 444 -4
e  332 445 -5
e  356 446 4
e  152 447 -1
e  108 448 3
e  98 449 6
e  107 450 -5
e  250 451 5
e  67 452 0
e  21 453 3
e  204 454 -1
e  142 455 7
e  252 456 5
e  256 457 -2
e  10 458 2
e  359 459 1
e  54 460 9
e  444 461 5
e  22 462 4
e  61 463 -3
e  106 464 6
e  457 465 10
e  104 466 0
e  429 467 9
e  35 468 10
e  420 469 -3
e  249 470 6
e  21 471 10
e  292 472 -1
e  411 473 9
e  1 474 0
e  30 475 9
e  258 476 4
e  454 477 7
e  143 478 8
e  388 479 -1
e  478 480 3
e  255 481 1
e  48 482 0
e  11 483 8
e  60 484 3
e  106 485 6
e  186 486 4
e  118 487 7
e  53 488 9
e  192 489 0
e  24 490 2
e  103 491 7
e  257 492 -1
e  44 493 4
e  434 494 3
e  491 495 3
e  482 496 6
e  56 497 7
e  303 498 3
e  172 499 -2
e  3 500 -5
e  247 501 7
e  318 502 2
e  88 503 -5
e  70 504 -2
e  376 505 -2
e  448 506 7
e  97 507 3
e  24 508 -2
e  296 509 2
e  76 510 -4
e  237 511 -5
e  491 512 -2
e  89 513 -2
e  321 514 6
e  449 515 10
e  241 516 5
e  239 517 -4
e  187 518 0
e  211 519 6
e  345 520 -2
e  516 521 -2
e  380 522 -5
e  241 523 -3
e  408 524 -3
e  384 525 1
e  461 526 4
e  261 527 0
e  405 528 -1
e  352 529 -5
e  192 530 5
e  383 531 7
e  102 532 2
e  373 533 0
e  71 534 0
e  150 535 -2
e  390 536 0
e  295 537 5
e  34 538 4
e  230 539 7
e  332 540 -1
e  79 541 9
e  211 542 -5
e  2 543 8
e  189 544 1
e  301 545 2
e  390 546 -5
e  105 547 -5
e  373 548 8
e  354 549 -3
e  220 550 4
e  9 551 8
e  392 552 1
e  304 553 1
e  295 554 -4
e  354 555 9
e  490 556 2
e  6 557 5
e  446 558 6
e  493 559 10
e  72 560 10
e  205 561 4
e  530 562 9
e  203 563 -2
e  490 564 6
e  46 565 9
e  286 566 3
e  261 567 1
e  364 568 8
e  425 569 8
e  46 570 -4
e  387 571 8
e  270 572 -1
e  253 573 2
e  267 574 4
e  566 575 8
e  395 576 7
e  560 577 -5
e  123 578 -5
e  163 579 1
e  421 580 -2
e  299 581 0
e  349 582 7
e  85 583 10
e  578 584 -2
e  562 585 8
e  283 586 6
e  490 587 -3
e  158 588 1
e  77 589 -2
e  469 590 6
e  32 591 10
e  265 592 9
e  83 593 -4
e  10 594 5
e  171 595 7
e  126 596 1
e  555 597 10
e  410 598 2
e  11 599 2
e  188 600 -4
e  483 601 -3
e  507 602 10
e  178 603 9
e  0 604 10
e  10 605 0
e  604 606 10
e  156 607 8
e  74 608 -2
e  100 609 2
e  480 610 0
e  178 611 -1
e  215 612 3
e  505 613 -5
e  554 614 1
e  510 615 -2
e  522 616 -1
e  409 617 0
e  28 618 8
e  57 619 2
e  3 620 6
e  405 621 10
e  350 622 9
e  513 623 1
e  231 624 3
e  33 625 8
e  598 626 0
e  78 627 -2
e  60 628 0
e  221 629 10
e  0 630 3
e  478 631 9
e  504 632 1
e  17 633 3
e  398 634 7
e  415 635 -2
e  577 636 -3
e  610 637 -3
e  231 638 5
e  405 639 1
e  395 640 9
e  427 641 8
e  637 642 4
e  362 643 1
e  348 644 8
e  431 645 6
e  69 646 3
e  203 647 -4
e  312 648 3
e  16 649 8
e  302 650 5
e  78 651 1
e  411 652 9
e  262 653 1
e  348 654 -2
e  281 655 -2
e  318 656 0
e  214 657 7
e  591 658 2
e  503 659 -4
e  141 660 9
e  133 661 5
e  356 662 6
e  233 663 0
e  284 664 2
e  150 665 6
e  649 666 -4
e  26 667 3
e  438 668 9
e  609 669 -1
e  116 670 -2
e  366 671 2
e  486 672 -4
e  640 673 5
e  36 674 -1
e  454 675 -1
e  403 676 4
e  397 677 3
e  275 678 5
e  86 679 6
e  475 680 5
e  597 681 5
e  245 682 5
e  295 683 -3
e  457 684 7
e  286 685 -5
e  648 686 1
e  266 687 2
e  224 688 -3
e  511 689 6
e  491 690 2
e  279 691 6
e  340 692 1
e  212 693 10
e  332 694 6
e  4 695 2
e  329 696 6
e  30 697 5
e  415 698 10
e  54 699 -3
e  245 700 -5
e  369 701 7
e  453 702 4
e  481 703 -3
e  61 704 7
e  186 705 7
e  224 706 -3
e  485 707 3
e  443 708 6
e  94 709 4
e  678 710 2
e  143 711 -1
e  154 712 6
e  424 713 6
e  670 714 3
e  143 715 6
e  64 716 -3
e  715 717 8
e  391 718 8
e  285 719 8
e  602 720 -5
e  674 721 5
e  439 722 7
e  538 723 1
e  709 724 4
e  601 725 -3
e  369 726 1
e  579 727 5
e  600 728 4
e  640 729 7
e  197 730 3
e  249 731 4
e  228 732 3
e  241 733 0
e  680 734 -5
e  633 735 -2
e  153 736 0
e  250 737 3
e  576 738 9
e  304 739 9
e  320 740 10
e  219 741 3
e  331 742 -5
e  46 743 -1
e  688 744 10
e  216 745 4
e  24 746 1
e  96 747 3
e  649 748 9
e  666 749 8
e  700 750 10
e  618 751 1
e  377 752 -2
e  280 753 -5
e  57 754 10
e  424 755 0
e  703 756 5
e  566 757 5
e  701 758 1
e  665 759 6
e  197 760 7
e  11 761 0
e  737 762 -4
e  708 763 7
e  462 764 3
e  301 765 8
e  660 766 0
e  508 767 -1
e  583 768 -1
e  58 769 7
e  449 770 -5
e  633 771 0
e  380 772 2
e  634 773 6
e  432 774 9
e  610 775 7
e  249 776 -5
e  523 777 10
e  330 778 2
e  21 779 2
e  352 780 6
e  475 781 -1
e  130 782 0
e  251 783 -1
e  679 784 -5
e  341 785 6
e  219 786 7
e  24 787 8
e  197 788 -3
e  472 789 6
e  405 790 -5
e  236 791 4
e  37 792 0
e  565 793 -4
e  217 794 -1
e  129 795 3
e  216 796 -4
e  139 797 -3
e  111 798 -3
e  624 799 9
e  650 800 7
e  343 801 6
e  498 802 3
e  233 803 9
e  307 804 -5
e  538 805 4
e  37 806 5
e  377 807 0
e  678 808 6
e  84 809 0
e  121 810 -5
e  639 811 5
e  572 812 8
e  281 813 10
e  497 814 9
e  727 815 6
e  711 816 6
e  510 817 3
e  204 818 9
e  354 819 2
e  817 820 -5
e  407 821 4
e  433 822 10
e  575 823 -2
e  395 824 -4
e  409 825 10
e  790 826 0
e  470 827 7
e  163 828 -4
e  730 829 7
e  253 830 6
e  337 831 7
e  478 832 2
e  580 833 8
e  466 834 7
e  654 835 2
e  439 836 -1
e  226 837 10
e  58 838 10
e  590 839 5
e  344 840 -5
e  36 841 -3
e  628 842 3
e  802 843 9
e  568 844 9
e  41 845 -1
e  628 846 10
e  704 847 10
e  384 848 -3
e  267 849 8
e  790 850 3
e  613 851 7
e  809 852 -4
e  840 853 2
e  755 854 5
e  407 855 4
e  157 856 0
e  387 857 8
e  607 858 2
e  118 859 10
e  40 860 0
e  169 861 -2
e  143 862 5
e  678 863 2
e  473 864 4
e  649 865 -2
e  55 866 1
e  651 867 -5
e  369 868 6
e  471 869 9
e  336 870 9
e  383 871 10
e  12 872 -1
e  760 873 -3
e  504 874 -3
e  756 875 9
e  344 876 1
e  84 877 7
e  265 878 -5
e  31 879 -3
e  239 880 2
e  825 881 8
e  361 882 5
e  617 883 4
e  768 884 10
e  71 885 10
e  790 886 5
e  541 887 5
e  422 888 10
e  407 889 -5
e  640 890 7
e  178 891 -4
e  735 892 0
e  453 893 4
e  555 894 6
e  209 895 1
e  742 896 -5
e  715 897 -3
e  395 898 8
e  229 899 4
e  719 900 1
e  11 901 6
e  311 902 1
e  141 903 -3
e  52 904 3
e  889 905 -5
e  336 906 2
e  800 907 9
e  626 908 1
e  383 909 0
e  763 910 7
e  257 911 -5
e  513 912 8
e  824 913 8
e  465 914 10
e  623 915 8
e  785 916 2
e  136 917 9
e  666 918 -2
e  281 919 0
e  576 920 0
e  615 921 0
e  28 922 1
e  664 923 10
e  174 924 5
e  467 925 -3
e  564 926 8
e  392 927 0
e  547 928 -2
e  430 929 8
e  366 930 1
e  111 931 -3
e  536 932 -3
e  504 933 -1
e  123 934 0
e  248 935 4
e  45 936 7
e  211 937 9
e  582 938 -3
e  877 939 -5
e  830 940 8
e  812 941 4
e  363 942 7
e  524 943 8
e  196 944 8
e  932 945 5
e  786 946 -5
e  305 947 4
e  320 948 -1
e  58 949 -5
e  859 950 9
e  258 951 7
e  406 952 3
e  905 953 -3
e  597 954 8
e  741 955 7
e  471 956 5
e  529 957 -4
e  279 958 2
e  695 959 -2
e  708 960 9
e  501 961 5
e  156 962 -2
e  739 963 -2
e  649 964 -2
e  337 965 0
e  228 966 5
e  763 967 -3
e  749 968 2
e  624 969 3
e  466 970 6
e  199 971 -5
e  166 972 2
e  400 973 7
e  186 974 -1
e  548 975 6
e  975 976 -2
e  929 977 3
e  34 978 4
e  834 979 -2
e  860 980 7
e  814 981 -5
e  894 982 -2
e  15 983 -5
e  637 984 2
e  433 985 -5
e  651 986 7
e  793 987 4
e  732 988 -5
e  265 989 -4
e  190 990 10
e  433 991 1
e  226 992 7
e  635 993 7
e  909 994 8
e  102 995 0
e  679 996 8
e  585 997 4
e  504 998 -4
e  741 999 4
e  493 608 7
e  654 764 -4
e  616 956 2
e  95 391 5
e  334 337 2
e  367 405 10
e  279 328 7
e  459 513 -3
e  25 897 1
e  175 838 8
e  195 775 4
e  173 432 -2
e  290 855 1
e  671 786 4
e  91 713 3
e  203 876 2
e  218 296 5
e  405 874 7
e  84 690 -2
e  123 259 9
e  543 614 1
e  393 859 -2
e  327 400 5
e  610 667 -4
e  359 743 4
e  81 733 4
e  606 715 -2
e  174 771 4
e  372 812 0
e  454 864 4
e  650 987 0
e  571 823 -3
e  84 170 8
e  398 701 4
e  47 713 -2
e  229 508 10
e  429 494 -2
e  370 722 6
e  543 740 8
e  98 529 2
e  610 678 -3
e  589 629 4
e  428 588 6
e  421 800 -4
e  594 653 3
e  4 137 -3
e  279 874 -3
e  278 999 -5
e  169 999 9
e  540 580 8
e  196 764 6
e  83 312 3
e  214 976 9
e  187 220 -1
e  556 587 4
e  301 830 8
e  109 484 1
e  669 683 0
e  83 319 -2
e  330 626 -4
e  17 698 6
e  524 992 2
e  354 418 -1
e  687 747 -4
e  411 665 2
e  370 609 -4
e  416 750 2
e  442 749 -1
e  839 877 2
e  67 406 -1
e  356 918 5
e  809 898 -2
e  148 286 1
e  889 945 -3
e  334 712 7
e  300 742 9
e  279 420 3
e  543 911 5
e  73 120 -3
e  872 978 -5
e  578 636 -4
e  370 490 9
e  253 606 -2
e  10 671 5
e  103 193 9
e  127 368 4
e  311 869 -3
e  187 409 -5
e  392 943 -4
e  134 217 -4
e  242 795 2
e  598 689 3
e  40 732 9
e  18 241 -3
e  739 828 -4
e  784 920 9
e  758 774 10
e  248 335 -1
e  463 977 -1
e  198 929 6
e  348 440 3
e  29 44 3
e  441 498 -3
e  437 732 6
e  72 506 1
e  182 491 7
e  499 833 6
e  546 675 0
e  810 976 7
e  15 989 5
e  122 163 2
e  727 752 -3
e  212 836 7
e  279 974 3
e  144 760 0
e  516 778 2
e  44 547 4
e  106 679 0
e  418 897 2
e  76 319 -1
e  157 973 -5
e  111 996 1
e  160 355 -2
e  187 239 3
e  721 879 10
e  55 107 7
e  156 441 10
e  370 765 10
e  254 856 5
e  53 148 10
e  142 827 -4
e  838 967 7
e  149 980 5
e  647 800 2
e  776 881 6
e  488 596 0
e  396 553 -1
e  350 857 0
e  24 801 3
e  315 628 3
e  379 784 9
e  287 525 10
e  526 552 1
e  485 969 1
e  557 821 0
e  100 690 0
e  347 512 0
e  133 228 3
e  46 941 4
e  392 467 7
e  539 728 1
e  75 366 0
e  211 233 10
e  278 483 -5
e  308 326 6
e  339 471 8
e  159 209 2
e  307 593 9
e  241 725 -4
e  97 817 4
e  222 765 -5
e  346 997 -5
e  568 591 4
e  647 807 -4
e  178 920 2
e  204 836 -3
e  89 893 9
e  52 875 6
e  107 302 5
e  462 832 10
e  794 995 -5
e  106 255 7
e  36 288 1
e  1 786 0
e  31 343 7
e  204 621 -5
e  195 709 9
e  130 826 -4
e  375 563 1
e  94 317 3
e  48 672 4
e  463 984 0
e  607 774 5
e  151 238 3
e  217 616 -2
e  11 908 -3
e  343 905 5
e  331 593 1
e  791 805 -4
e  422 725 1
e  96 275 7
e  209 538 -5
e  4 613 2
e  488 654 4
e  69 270 -2
e  411 984 5
e  76 156 2
e  811 928 1
e  433 767 4
e  544 655 1
e  255 549 5
e  960 995 -1
e  464 697 8
e  396 978 -1
e  706 778 6
e  417 761 2
e  343 389 -4
e  276 470 9
e  111 207 -2
e  10 486 4
e  374 692 7
e  105 337 4
e  21 831 -2
e  673 901 -1
e  283 427 0
e  157 688 5
e  525 910 5
e  143 159 7
e  483 537 9
e  535 858 -4
e  56 148 9
e  84 948 -1
e  50 406 5
e  356 941 9
e  595 932 7
e  471 699 3
e  447 498 5
e  256 898 3
e  208 505 2
e  185 413 10
e  418 776 3
e  502 507 4
e  220 624 5
e  263 682 6
e  260 290 8
e  250 582 -3
e  106 919 5
e  313 482 9
e  99 136 7
e  414 958 9
e  175 819 1
e  348 631 -2
e  778 785 1
e  33 241 10
e  259 395 2
e  336 529 -1
e  393 826 -4
e  477 547 -3
e  216 316 1
e  95 168 3
e  343 604 9
e  56 879 1
e  523 857 -1
e  190 334 -4
e  14 58 -2
e  43 120 -3
e  519 704 7
e  725 767 -5
e  381 556 -3
e  610 944 2
e  482 956 4
e  346 723 4
e  586 743 3
e  737 983 7
e  865 982 1
e  66 364 5
e  144 850 -4
e  740 792 2
e  379 412 10
e  116 646 6
e  697 750 1
e  256 957 -2
e  285 433 5
e  320 796 1
e  594 633 -1
e  178 475 0
e  115 578 6
e  6 586 -4
e  54 109 6
e  95 534 -4
e  709 864 -2
e  144 837 -2
e  154 555 3
e  177 307 1
e  325 808 3
e  365 624 7
e  249 650 9
e  198 955 5
e  442 792 -1
e  128 504 7
e  654 709 0
e  741 883 6
e  106 395 9
e  604 873 0
e  833 910 -3
e  629 872 1
e  600 754 8
e  227 888 0
e  566 607 9
e  277 980 -5
e  59 146 4
e  501 988 2
e  406 646 2
e  4 697 -1
e  1 659 -5
e  670 695 6
e  334 743 8
e  90 453 5
e  425 577 3
e  347 699 -3
e  425 656 -3
e  81 938 5
e  73 646 2
e  224 591 1
e  297 632 -2
e  161 355 10
e  709 824 2
e  472 844 3
e  39 410 2
e  124 928 2
e  31 690 -3
e  213 642 10
e  610 968 3
e  633 702 9
e  97 514 5
e  118 357 0
e  542 727 2
e  564 850 3
e  443 850 -1
e  194 398 2
e  526 702 10
e  411 502 -3
e  686 809 3
e  173 799 -1
e  244 251 8
e  731 975 -2
e  771 813 -5
e  826 908 9
e  371 409 -5
e  435 653 8
e  450 853 7
e  147 490 0
e  406 474 -3
e  208 995 6
e  83 517 6
e  447 827 10
e  73 212 6
e  84 664 10
e  13 608 -4
e  553 854 1
e  294 572 7
e  559 667 2
e  338 953 6
e  217 805 8
e  404 985 -4
e  439 798 -2
e  6 374 8
e  425 973 7
e  656 831 7
e  224 329 -4
e  346 689 3
e  16 324 8
e  647 823 10
e  526 769 9
e  84 187 4
e  87 632 1
e  211 771 -1
e  123 567 7
e  806 809 -1
e  297 671 10
e  397 448 3
e  151 730 -4
e  374 827 -5
e  121 814 -4
e  811 821 7
e  90 983 0
e  35 92 1
e  109 156 8
e  250 621 7
e  562 694 8
e  446 461 2
e  161 989 5
e  710 749 9
e  445 631 -1
e  123 402 4
e  696 720 4
e  399 883 -4
e  58 237 8
e  257 375 0
e  145 687 7
e  591 811 -4
e  38 967 -5
e  398 803 -2
e  135 832 -3
e  8 215 7
e  467 758 -1
e  266 814 5
e  196 800 -3
e  30 671 4
e  367 682 10
e  65 190 3
e  36 95 7
e  507 703 6
e  462 646 3
e  327 811 -4
e  673 930 -4
e  747 977 -4
e  609 933 10
e  12 840 -2
e  136 959 -5
e  75 614 8
e  105 860 2
e  225 438 3
e  227 398 6
e  531 941 9
e  738 870 3
e  223 911 8
e  336 710 1
e  293 556 5
e  17 102 5
e  152 237 -1
e  146 545 6
e  834 868 3
e  94 743 9
e  396 547 4
e  232 721 9
e  43 59 2
e  239 962 3
e  608 847 9
e  685 913 7
e  358 666 3
e  378 839 9
e  350 700 -5
e  612 929 4
e  430 692 4
e  170 188 0
e  434 794 -3
e  451 635 -4
e  467 786 9
e  235 940 5
e  139 662 9
e  612 689 4
e  240 646 -2
e  254 836 -1
e  50 609 1
e  891 988 -1
e  865 935 3
e  484 608 -1
e  23 345 3
e  7 868 -4
e  422 471 -3
e  56 256 -5
e  6 917 8
e  829 876 6
e  109 852 3
e  228 693 8
e  28 390 -3
e  83 260 0
e  289 663 9
e  37 266 3
e  224 451 5
e  109 796 4
e  569 887 7
e  256 981 6
e  551 873 1
e  188 525 1
e  185 487 8
e  22 529 8
e  118 513 1
e  18 600 -3
e  247 525 3
e  25 169 1
e  240 373 7
e  530 852 5
e  130 682 -4
e  146 552 3
e  617 682 -5
e  957 983 1
e  138 261 -1
e  310 532 -2
e  230 461 8
e  204 343 0
e  84 931 -1
e  65 747 6
e  329 920 1
e  635 730 1
e  146 572 10
e  516 560 -5
e  568 734 -3
e  445 448 5
e  129 902 -3
e  429 798 -5
e  464 501 8
e  530 626 -5
e  738 850 8
e  315 589 7
e  50 400 9
e  527 760 7
e  479 583 -2
e  413 467 -3
e  113 302 -3
e  490 560 9
e  251 673 3
e  43 377 -5
e  44 959 3
e  476 769 -5
e  548 751 7
e  581 772 4
e  332 806 4
e  219 716 1
e  17 308 -1
e  319 454 -1
e  183 984 5
e  540 854 3
e  833 955 -5
e  374 721 -2
e  39 153 -2
e  677 930 -4
e  8 972 7
e  72 978 -1
e  613 780 1
e  58 219 3
e  183 478 2
e  336 773 -4
e  334 915 3
e  186 410 -4
e  259 606 -3
e  322 570 4
e  208 715 4
e  425 617 -3
e  339 638 5
e  202 207 -1
e  661 896 3
e  651 989 9
e  167 751 5
e  7 415 0
e  101 239 6
e  656 779 1
e  95 923 9
e  743 858 -1
e  319 493 -3
e  582 926 0
e  164 769 -5
e  386 405 5
e  378 463 7
e  744 826 4
e  61 461 0
e  276 514 9
e  862 913 8
e  196 760 5
e  889 976 9
e  108 540 -3
e  475 538 -5
e  163 912 -5
e  275 642 -3
e  387 845 5
e  282 434 -4
e  47 926 -2
e  296 952 9
e  25 416 -1
e  12 382 -5
e  16 260 10
e  220 691 7
e  736 976 7
e  121 233 3
e  547 606 3
e  403 953 -5
e  423 553 -1
e  462 932 4
e  711 828 3
e  40 358 -2
e  273 484 -3
e  475 874 2
e  329 493 10
e  128 402 7
e  685 826 7
e  59 449 7
e  866 909 4
e  169 495 1
e  254 988 1
e  698 874 3
e  247 620 -3
e  10 522 9
e  573 626 2
e  478 497 6
e  38 589 -3
e  482 654 -2
e  77 425 10
e  493 760 3
e  315 623 4
e  270 457 -2
e  92 383 0
e  536 649 6
e  125 216 3
e  128 868 1
e  105 722 3
e  185 975 -2
e  761 885 2
e  248 682 -2
e  586 688 8
e  733 851 10
e  250 560 9
e  29 323 4
e  159 799 9
e  126 287 9
e  350 787 1
e  581 757 5
e  146 492 9
e  197 873 -4
e  129 717 -1
e  299 478 1
e  800 832 6
e  327 887 3
e  441 990 -4
e  116 204 -4
e  280 405 8
e  4 765 -1
e  478 693 8
e  97 411 -2
e  364 469 8
e  294 534 3
e  2 244 10
e  587 827 5
e  4 456 10
e  539 832 10
e  478 859 8
e  34 126 -3
e  151 189 -1
e  583 888 -2
e  577 712 4
e  122 991 10
e  306 333 -2
e  448 492 9
e  140 659 -4
e  620 634 -2
e  656 809 8
e  325 901 9
e  645 738 5
e  364 669 8
e  143 535 1
e  71 660 3
e  485 802 -5
e  50 478 1
e  193 264 4
e  40 758 10
e  554 811 7
e  464 882 10
e  52 608 9
e  106 636 1
e  108 370 -2
e  219 701 0
e  765 945 -5
e  314 620 -2
e  613 718 6
e  722 880 -1
e  236 295 -5
e  893 951 -5
e  113 458 -1
e  118 366 0
e  725 911 3
e  380 910 2
e  193 206 -4
e  239 780 10
e  301 886 0
e  308 517 -3
e  138 723 8
e  829 847 0
e  383 626 5
e  808 987 5
e  57 961 -3
e  620 730 7
e  106 192 4
e  639 839 6
e  128 560 8
e  310 856 9
e  56 138 -3
e  626 982 3
e  478 890 2
e  209 362 4
e  80 864 -5
e  380 571 5
e  790 881 1
e  188 373 3
e  267 478 8
e  107 517 7
e  275 750 9
e  407 644 -4
e  60 571 -4
e  662 866 -1
e  590 981 -1
e  754 953 6
e  783 978 10
e  614 755 4
e  564 977 1
e  494 776 4
e  88 267 4
e  703 778 7
e  486 503 -2
e  575 992 8
e  685 909 -5
e  151 418 -4
e  328 928 -3
e  100 698 5
e  24 624 -4
e  212 438 -1
e  196 948 10
e  554 856 9
e  158 753 8
e  168 349 3
e  95 909 7
e  299 400 9
e  390 709 -3
e  129 505 3
e  655 840 7
e  581 943 -1
e  413 532 -2
e  138 426 -1
e  24 662 -2
e  686 719 8
e  242 446 3
e  132 584 3
e  407 438 -1
e  211 844 2
e  232 877 -5
e  425 941 -1
e  637 862 2
e  226 549 9
e  439 491 4
e  533 957 2
e  746 808 6
e  249 489 3
e  281 531 -2
e  138 443 9
e  393 934 1
e  118 460 0
e  14 783 -3
e  177 319 3
e  178 649 6
e  362 700 -1
e  118 230 0
e  229 991 -1
e  69 674 3
e  260 834 7
e  508 595 9
e  307 363 -3
e  218 987 4
e  0 321 8
e  330 371 6
e  184 686 3
e  46 659 1
e  368 912 -3
e  347 684 -5
e  757 911 5
e  83 867 3
e  260 487 5
e  17 188 -3
e  7 353 -3
e  0 417 9
e  129 912 -3
e  44 174 6
e  315 572 -3
e  128 642 -4
e  274 809 8
e  738 743 4
e  215 897 8
e  572 708 9
e  107 224 -1
e  647 677 5
e  119 850 0
e  79 750 -1
e  490 683 -1
e  102 256 2
e  539 643 9
e  132 187 1
e  411 563 3
e  420 495 7
e  397 707 6
e  566 916 -3
e  54 369 7
e  251 364 9
e  708 715 9
e  222 702 5
e  145 553 8
e  272 974 6
e  49 874 -1
e  385 747 5
e  147 432 6
e  496 525 -5
e  359 451 9
e  437 764 -4
e  156 648 -3
e  572 682 -3
e  325 561 8
e  294 544 0
e  720 835 8
e  46 664 -3
e  850 891 3
e  23 525 6
e  412 983 7
e  616 669 0
e  676 923 5
e  196 359 3
e  673 822 -5
e  414 732 0
e  164 605 -1
e  168 635 1
e  20 951 1
e  429 878 10
e  237 890 1
e  61 811 8
e  43 710 -1
e  9 19 4
e  545 802 6
e  22 331 -5
e  144 605 -1
e  218 350 -4
e  55 998 -5
e  784 847 -5
e  125 231 -2
e  735 912 2
e  69 87 10
e  329 339 -2
e  610 977 6
e  328 394 3
e  555 781 3
e  342 868 -1
e  59 114 -1
e  458 978 1
e  93 739 6
e  328 915 4
e  905 918 10
e  62 981 -3
e  635 797 1
e  403 584 2
e  491 727 1
e  230 341 5
e  754 909 10
e  345 967 9
e  498 680 5
e  639 880 5
e  153 230 4
e  369 440 -3
e  105 914 -4
e  130 619 3
e  347 503 1
e  206 554 3
e  916 961 10
e  159 907 8
e  132 737 0
e  351 978 5
e  277 676 -4
e  148 713 6
e  293 984 5
e  273 282 1
e  476 813 -4
e  424 695 -3
e  61 92 1
e  121 590 3
e  44 769 4
e  146 961 1
e  48 909 3
e  294 695 6
e  493 919 -2
e  71 782 -2
e  404 721 -1
e  24 427 4
e  631 900 -1
e  42 867 -3
e  159 894 7
e  207 574 1
e  408 776 -3
e  550 616 -5
e  285 750 -2
e  396 499 -4
e  260 347 6
e  160 425 5
e  41 718 5
e  558 946 -3
e  594 728 8
e  463 741 4
e  617 918 0
e  108 327 1
e  265 629 7
e  47 570 -1
e  728 788 9
e  406 894 9
e  200 945 10
e  106 931 1
e  752 848 5
e  692 884 7
e  330 951 8
e  1 751 4
e  811 924 5
e  620 768 10
e  62 491 6
e  229 895 -5
e  414 639 5
e  29 631 10
e  52 966 -1
e  449 840 5
e  699 737 0
e  424 620 6
e  154 941 1
e  283 796 7
e  531 956 10
e  77 979 8
e  304 325 0
e  154 631 2
e  161 626 0
e  651 841 7
e  110 333 7
e  215 548 6
e  325 941 -5
e  192 351 8
e  392 951 8
e  661 894 2
e  519 952 4
e  584 946 -5
e  306 626 10
e  84 145 7
e  113 472 -4
e  108 441 7
e  875 935 5
e  95 593 4
e  115 515 1
e  521 530 3
e  193 918 0
e  758 967 6
e  578 977 8
e  365 928 1
e  214 777 -4
e  15 986 -4
e  6 183 -2
e  272 400 4
e  16 801 0
e  208 558 8
e  641 913 2
e  120 988 4
e  65 477 0
e  257 959 8
e  73 559 2
e  141 727 -5
e  764 920 4
e  617 919 5
e  161 197 -4
e  345 426 -3
e  650 969 4
e  179 284 -5
e  63 587 2
e  140 408 2
e  363 923 0
e  359 671 4
e  347 675 -1
e  444 770 5
e  212 421 6
e  39 467 9
e  269 426 5
e  232 526 -5
e  188 394 -1
e  69 476 3
e  506 535 7
e  95 226 7
e  235 819 0
e  265 582 -5
e  148 734 3
e  365 414 -5
e  102 207 -2
e  737 995 4
e  141 892 3
e  59 268 -4
e  314 794 7
e  327 771 -1
e  444 686 -3
e  178 665 6
e  153 957 0
e  486 827 3
e  277 331 3
e  28 680 7
e  101 189 4
e  65 768 10
e  758 900 1
e  92 324 -1
e  577 865 -5
e  275 778 -2
e  646 969 -3
e  677 806 3
e  182 482 5
e  93 405 9
e  195 397 8
e  10 26 -2
e  680 982 10
e  22 24 7
e  240 482 -2
e  556 708 8
e  525 785 -1
e  72 524 5
e  419 472 8
e  586 719 -1
e  51 913 -3
e  85 199 -3
e  375 566 -1
e  199 470 1
e  125 359 9
e  130 895 7
e  291 393 -3
e  21 652 8
e  187 302 0
e  512 789 1
e  264 843 3
e  723 905 -4
e  57 644 -1
e  87 844 10
e  454 769 5
e  602 926 -2
e  613 769 -2
e  43 200 -1
e  75 341 -3
e  317 678 9
e  53 825 -4
e  221 259 -4
e  198 282 -4
e  465 510 -2
e  243 969 10
e  497 504 -5
e  409 606 7
e  34 470 -5
e  231 648 5
e  271 531 1
e  401 409 8
e  43 282 6
e  678 887 0
e  440 742 10
e  123 722 -2
e  712 932 10
e  252 539 -2
e  570 924 6
e  325 628 6
e  457 598 -1
e  208 921 3
e  79 138 7
e  883 911 7
e  440 827 9
e  190 791 0
e  51 299 6
e  88 918 7
e  451 834 5
e  453 875 -4
e  24 980 5
e  1 531 -5
e  261 347 4
e  473 969 -1
e  80 588 5
e  284 829 7
e  30 693 5
e  852 985 2
e  429 980 9
e  124 261 9
e  498 841 1
e  92 377 8
e  130 249 -5
e  595 841 -5
e  273 355 10
e  81 493 5
e  103 752 4
e  68 352 5
e  471 932 -5
e  27 746 -4
e  174 882 8
e  160 514 -1
e  298 745 -4
e  92 310 -4
e  119 434 9
e  462 821 5
e  304 678 10
e  162 875 3
e  23 739 8
e  205 659 6
e  289 725 3
e  657 810 0
e  348 382 -5
e  293 844 8
e  7 279 6
e  903 973 -3
e  285 287 -3
e  42 321 7
e  75 904 10
e  515 586 4
e  432 982 6
e  3 453 -5
e  3 909 3
e  91 838 -1
e  373 834 2
e  697 816 0
e  167 971 10
e  619 866 -5
e  121 404 5
e  163 389 6
e  49 65 7
e  22 293 3
e  55 143 -4
e  232 713 9
e  280 892 -1
e  449 595 5
e  223 257 5
e  274 398 9
e  264 398 8
e  109 666 9
e  432 672 6
e  474 533 0
e  118 864 -1
e  126 547 3
e  960 977 7
e  58 562 9
e  340 899 6
e  741 860 -3
e  243 486 5
e  24 216 -3
e  516 920 1
e  488 769 -2
e  879 996 4
e  235 908 -2
e  360 891 -4
e  292 856 6
e  398 857 2
e  529 995 8
e  738 871 -2
e  192 602 0
e  373 864 -1
e  263 407 9
e  7 572 1
e  380 832 10
e  275 733 -2
e  327 337 3
e  275 508 7
e  197 486 3
e  115 761 10
e  534 559 -5
e  306 969 7
e  443 822 10
e  636 959 10
e  331 786 3
e  53 683 6
e  83 185 6
e  112 461 7
e  663 918 3
e  86 453 9
e  603 811 7
e  551 681 9
e  388 680 -1
e  33 38 7
e  495 882 1
e  20 979 3
e  17 530 -3
e  102 781 0
e  236 951 5
e  224 607 4
e  642 916 3
e  235 657 4
e  302 540 -2
e  176 236 0
e  96 190 3
e  245 965 5
e  202 990 -3
e  3 506 9
e  83 348 -2
e  391 947 9
e  803 811 -3
e  495 724 -2
e  269 844 -5
e  700 763 -5
e  522 801 1
e  318 778 0
e  318 388 2
e  185 772 10
e  21 802 -5
e  355 448 10
e  163 932 -3
e  332 401 -4
e  361 651 2
e  42 576 -5
e  88 273 -2
e  776 926 10
e  374 896 -5
e  517 813 1
e  60 919 -4
e  97 385 -4
e  412 870 -5
e  596 894 7
e  405 420 4
e  11 32 -4
e  197 956 -1
e  481 787 8
e  286 539 1
e  155 493 0
e  207 295 10
e  262 959 1
e  119 977 5
e  105 833 -3
e  105 941 9
e  165 463 9
e  79 256 1
e  925 968 -1
e  587 925 3
e  167 196 -3
e  137 363 7
e  746 814 -2
e  121 296 0
e  586 594 10
e  340 676 0
e  683 952 2
e  477 708 7
e  541 824 4
e  159 589 -2
e  172 352 9
e  315 451 2
e  136 688 -5
e  358 375 -4
e  536 941 -4
e  143 397 4
e  192 373 6
e  314 842 0
e  3 472 8
e  330 914 10
e  216 794 -2
e  607 674 -4
e  412 796 1
e  65 530 5
e  542 545 -4
e  577 690 9
e  959 987 -3
e  456 866 7
e  412 519 3
e  608 930 8
e  526 589 1
e  410 804 5
e  359 376 8
e  139 600 10
e  62 65 0
e  96 993 5
e  199 979 -5
e  137 490 6
e  15 342 -2
e  51 362 8
e  555 647 7
e  150 234 -4
e  446 813 1
e  84 282 9
e  589 686 -3
e  147 611 7
e  608 723 -4
e  439 858 5
e  513 553 4
e  150 347 9
e  683 902 3
e  199 278 0
e  445 766 -2
e  38 709 -1
e  654 777 3
e  112 793 10
e  765 839 4
e  25 953 6
e  194 505 -5
e  96 321 1
e  30 800 -4
e  34 162 -2
e  508 926 -5
e  54 491 0
e  71 844 10
e  19 545 -3
e  291 813 -2
e  335 880 -3
e  91 970 9
e  401 768 8
e  262 641 -2
e  645 973 -2
e  801 974 -1
e  800 891 5
e  114 480 8
e  410 712 -3
e  228 992 -2
e  162 903 7
e  406 797 7
e  544 830 1
e  54 536 0
e  509 713 5
e  337 911 -4
e  200 926 -4
e  481 520 10
e  862 912 -5
e  531 844 -5
e  861 862 0
e  280 350 1
e  195 291 3
e  697 859 -4
e  239 717 -4
e  266 852 3
e  165 519 2
e  512 742 10
e  547 612 10
e  55 194 5
e  451 948 -4
e  495 600 6
e  325 349 -5
e  83 564 -3
e  20 995 1
e  787 839 2
e  126 835 3
e  355 682 5
e  289 630 -5
e  94 191 -3
e  120 224 8
e  303 358 2
e  213 331 9
e  237 707 2
e  207 252 3
e  462 661 2
e  330 571 9
e  236 706 7
e  416 967 1
e  567 914 5
e  162 211 6
e  105 399 0
e  108 180 -2
e  43 410 0
e  359 901 4
e  92 333 0
e  330 744 -2
e  296 542 -3
e  233 975 -5
e  378 697 -5
e  351 521 10
e  18 713 9
e  441 582 -5
e  57 872 -4
e  172 340 5
e  825 828 -3
e  307 919 -2
e  192 277 -4
e  56 518 3
e  254 364 9
e  568 697 -3
e  95 285 -5
e  512 740 -4
e  522 617 -5
e  648 948 8
e  754 912 2
e  86 837 6
e  434 767 0
e  302 438 4
e  355 485 7
e  418 983 3
e  249 251 9
e  393 400 -2
e  459 632 2
e  383 801 10
e  469 853 6
e  402 793 -3
e  979 984 6
e  245 906 -2
e  240 620 0
e  519 935 10
e  339 502 5
e  486 733 0
e  269 740 -5
e  890 991 -3
e  249 679 -5
e  342 658 9
e  70 662 -3
e  649 692 2
e  318 367 9
e  396 992 -1
e  299 689 -3
e  507 515 -4
e  891 893 2
e  263 588 3
e  557 679 -4
e  170 813 -4
e  256 753 5
e  322 582 -5
e  722 764 -2
e  216 584 3
e  607 979 8
e  94 533 7
e  784 834 -3
e  448 812 10
e  216 699 4
e  781 909 5
e  269 627 0
e  351 743 1
e  303 398 5
e  198 479 -1
e  672 704 -5
e  340 582 -4
e  303 911 9
e  101 447 7
e  339 697 5
e  81 233 5
e  360 401 -5
e  917 939 3
e  644 954 -1
e  594 930 6
e  104 734 4
e  140 482 -2
e  58 124 4
e  291 946 3
e  178 424 5
e  543 923 4
e  182 859 7
e  325 380 1
e  796 907 0
e  39 560 -3
e  118 223 4
e  97 298 -5
e  75 248 6
e  760 789 10
e  373 823 3
e  161 212 5
e  275 529 2
e  218 792 -3
e  511 606 2
e  109 818 -4
e  472 730 1
e  707 966 3
e  182 339 6
e  195 375 10
e  10 679 9
e  14 487 -1
e  295 793 10
e  332 396 -3
e  84 883 9
e  157 410 -1
e  739 916 3
e  230 591 9
e  275 842 -1
e  39 726 -2
e  365 721 7
e  291 411 -1
e  447 570 -2
e  623 717 -5
e  34 749 -4
e  612 743 2
e  609 825 10
e  511 808 -3
e  303 759 -1
e  311 719 -4
e  236 708 -3
e  23 625 -2
e  754 981 5
e  609 935 5
e  705 764 5
e  133 741 -5
e  298 733 10
e  331 823 5
e  326 579 5
e  221 376 -2
e  284 746 -2
e  159 425 3
e  263 850 6
e  46 712 9
e  75 894 -2
e  656 961 5
e  327 884 3
e  396 831 7
e  250 986 6
e  310 710 10
e  42 416 0
e  99 344 -4
e  109 981 9
e  20 161 7
e  66 700 -1
e  117 699 8
e  46 166 4
e  188 759 -5
e  276 328 1
e  460 678 9
e  611 869 5
e  371 735 10
e  140 953 -3
e  302 700 4
e  792 825 6
e  152 362 -5
e  91 457 4
e  731 869 6
e  134 261 6
e  547 997 4
e  308 839 8
e  488 909 8
e  212 273 4
e  455 802 6
e  473 780 2
e  162 351 -1
e  150 987 3
e  193 443 -4
e  18 171 8
e  209 325 1
e  125 719 -4
e  235 453 6
e  110 643 9
e  276 533 4
e  60 907 7
e  278 510 1
e  479 965 6
e  660 989 8
e  37 146 -2
e  575 868 7
e  146 398 -4
e  932 935 8
e  18 362 6
e  508 862 9
e  222 325 7
e  49 523 5
e  21 994 7
e  817 836 5
e  540 749 4
e  338 472 10
e  129 814 -1
e  87 984 8
e  51 678 6
e  103 716 10
e  366 898 7
e  185 965 4
e  98 546 6
e  381 801 0
e  6 562 0
e  129 638 0
e  242 561 9
e  624 917 -5
e  233 615 7
e  149 234 -5
e  401 612 1
e  888 958 -4
e  236 288 0
e  708 844 4
e  307 544 5
e  163 755 1
e  315 773 -4
e  26 119 1
e  148 333 -5
e  496 722 5
e  242 546 -5
e  133 915 0
e  295 680 -3
e  196 508 -3
e  48 662 9
e  400 615 2
e  333 547 -2
e  90 135 2
e  137 538 4
e  409 884 -1
e  453 780 9
e  157 335 7
e  336 722 1
e  191 431 4
e  263 509 5
e  427 456 9
e  185 282 5
e  271 785 1
e  161 916 -2
e  593 976 -2
e  877 922 8
e  445 697 -1
e  137 417 -1
e  583 950 0
e  81 252 10
e  513 862 6
e  310 797 1
e  99 255 8
e  510 743 4
e  0 678 4
e  100 714 9
e  588 642 -5
e  175 302 -1
e  51 262 -3
e  37 466 8
e  554 776 -1
e  306 806 2
e  32 800 1
e  271 919 4
e  50 584 6
e  703 840 6
e  537 716 -5
e  77 342 -2
e  421 953 1
e  5 536 9
e  230 728 1
e  216 386 10
e  768 910 10
e  695 879 -2
e  652 861 5
e  182 304 0
e  91 737 2
e  773 932 8
e  728 809 9
e  134 366 -1
e  255 963 2
e  331 744 -5
e  207 537 6
e  408 451 -1
e  232 637 -3
e  184 935 5
e  259 451 -4
e  60 904 -5
e  72 474 0
e  286 940 10
e  709 782 6
e  210 319 -5
e  270 612 0
e  93 423 9
e  439 918 -2
e  446 923 9
e  513 831 5
e  419 441 3
e  142 579 5
e  7 268 6
e  517 518 -5
e  584 764 2
e  878 965 2
e  867 966 -5
e  88 437 -1
e  460 993 -5
e  177 331 0
e  337 856 -2
e  520 827 4
e  218 936 9
e  187 472 2
e  385 668 2
e  251 465 -5
e  216 446 -1
e  246 820 -5
e  85 326 4
e  61 451 8
e  197 208 5
e  164 572 10
e  84 164 -4
e  258 295 -2
e  105 902 -5
e  295 906 9
e  188 210 0
e  415 805 3
e  384 577 8
e  752 899 8
e  782 897 -3
e  620 977 -2
e  688 896 -3
e  376 731 10
e  477 580 9
e  321 599 0
e  366 612 6
e  527 667 -1
e  199 340 -5
e  241 433 5
e  21 841 1
e  502 626 1
e  20 186 10
e  740 769 3
e  236 655 4
e  326 542 7
e  79 632 -2
e  931 982 -3
e  909 957 10
e  413 454 -1
e  60 479 -4
e  564 580 -4
e  496 783 -1
e  103 393 5
e  6 246 8
e  575 798 3
e  146 382 1
e  627 729 -2
e  263 709 1
e  508 808 -5
e  226 447 0
e  237 640 -4
e  83 144 -5
e  657 919 8
e  50 903 -4
e  406 921 -5
e  759 792 1
e  147 506 -1
e  301 984 7
e  620 993 4
e  50 271 3
e  264 678 4
e  74 326 -3
e  235 516 -2
e  232 880 10
e  190 521 -4
e  77 283 -1
e  102 893 2
e  18 369 8
e  799 850 -4
e  596 874 2
e  402 476 -5
e  44 977 5
e  174 894 -3
e  51 492 1
e  154 231 -3
e  130 764 9
e  352 634 6
e  428 711 2
e  364 930 -4
e  215 263 8
e  502 542 3
e  349 415 6
e  90 673 6
e  183 541 3
e  242 971 -1
e  873 908 -3
e  331 505 -1
e  24 271 4
e  597 828 -3
e  852 978 5
e  400 757 10
e  39 844 -3
e  445 498 4
e  232 576 7
e  315 835 7
e  224 928 0
e  625 808 -3
e  105 603 1
e  246 605 7
e  161 241 7
e  428 578 0
e  178 254 6
e  214 440 6
e  621 959 2
e  265 679 2
e  238 652 10
e  453 814 8
e  398 590 8
e  49 995 -4
e  566 691 -3
e  159 481 0
e  278 306 -3
e  295 336 8
e  154 947 -3
e  557 723 10
e  564 906 10
e  152 677 0
e  101 246 2
e  702 793 5
e  326 957 7
e  573 597 -5
e  100 104 8
e  25 867 -3
e  136 659 2
e  133 605 8
e  418 447 1
e  1 865 10
e  409 846 -3
e  379 477 -5
e  133 909 2
e  177 414 6
e  190 280 2
e  223 667 -5
e  169 286 4
e  124 678 10
e  83 262 6
e  50 173 5
e  193 539 -3
e  312 743 5
e  654 776 10
e  795 926 -1
e  52 292 3
e  60 926 -2
e  188 983 3
e  453 856 5
e  741 849 -5
e  108 668 -2
e  557 673 8
e  371 602 -1
e  378 553 -1
e  345 414 -1
e  65 414 -3
e  182 968 -4
e  61 759 1
e  32 613 4
e  552 875 0
e  6 429 4
e  96 858 -4
e  361 579 -4
e  605 615 8
e  578 935 -1
e  17 712 5
e  35 208 4
e  326 821 -1
e  649 959 1
e  46 411 0
e  140 754 -4
e  408 429 -3
e  758 867 -2
e  579 967 -5
e  247 344 7
e  826 843 -5
e  155 283 6
e  322 816 8
e  599 827 10
e  462 529 -1
e  459 616 7
e  11 574 -1
e  359 736 1
e  213 475 -3
e  782 939 -1
e  253 311 -4
e  35 433 -5
e  527 884 -2
e  152 882 4
e  526 859 -3
e  70 659 -3
e  358 535 -2
e  372 424 2
e  518 540 1
e  230 923 -4
e  368 518 7
e  602 711 0
e  397 718 2
e  268 317 -2
e  205 946 -1
e  15 821 8
e  112 420 -4
e  292 584 5
e  81 781 1
e  787 841 -1
e  254 433 9
e  475 958 10
e  331 363 5
e  390 636 -3
e  160 582 8
e  212 311 6
e  8 782 3
e  229 541 1
e  133 845 9
e  11 510 -4
e  252 519 8
e  749 824 0
e  222 512 3
e  289 635 -3
e  287 640 6
e  719 946 -3
e  253 815 -3
e  72 308 -2
e  972 992 1
e  183 233 10
e  176 249 9
e  63 199 5
e  52 905 0
e  3 560 0
e  310 608 4
e  27 619 -3
e  309 955 8
e  593 648 6
e  815 894 -2
e  297 625 8
e  485 673 -1
e  709 804 -2
e  29 304 -1
e  556 815 6
e  586 948 2
e  491 853 6
e  523 993 -1
e  474 959 -2
e  239 325 7
e  149 607 1
e  356 483 4
e  746 861 4
e  290 678 3
e  611 815 8
e  778 839 -4
e  117 157 0
e  26 752 -5
e  21 306 9
e  384 414 -1
e  370 399 10
e  824 944 3
e  299 972 5
e  26 851 6
e  638 982 2
e  877 978 3
e  118 472 6
e  956 969 -1
e  299 487 8
e  443 914 3
e  48 241 -3
e  322 896 8
e  78 642 4
e  22 320 9
e  84 172 -5
e  344 531 -2
e  77 525 6
e  22 100 1
e  326 905 10
e  383 590 10
e  101 193 -1
e  346 979 6
e  120 659 5
e  249 293 10
e  383 494 -5
e  287 326 9
e  266 860 -5
e  141 864 -5
e  452 616 -2
e  120 980 3
e  220 728 9
e  264 891 9
e  351 939 7
e  271 632 -4
e  35 290 8
e  452 961 10
e  390 475 2
e  695 745 8
e  0 186 -5
e  274 516 -2
e  340 754 -5
e  60 398 -4
e  27 322 -1
e  948 983 -3
e  857 939 -5
e  352 897 3
e  309 826 2
e  858 914 -3
e  125 278 -4
e  508 765 -3
e  709 838 9
e  771 905 -3
e  734 740 0
e  1 534 1
e  221 402 4
e  674 949 3
e  63 838 9
e  261 801 -1
e  57 929 -3
e  720 810 5
e  273 336 9
e  659 769 9
e  145 158 -3
e  56 178 4
e  512 561 5
e  54 197 1
e  338 647 6
e  491 501 -4
e  614 985 2
e  98 257 5
e  432 612 4
e  382 559 6
e  117 788 -5
e  88 378 7
e  239 485 10
e  359 428 -5
e  286 292 9
e  624 958 1
e  15 552 -1
e  552 931 9
e  388 870 0
e  704 785 8
e  796 989 6
e  151 430 7
e  400 672 4
e  171 399 -3
e  260 705 4
e  296 548 -3
e  682 811 0
e  528 650 5
e  13 436 4
e  924 950 -1
e  425 607 6
e  796 973 -3
e  100 537 4
e  74 879 4
e  395 525 1
e  243 644 3
e  92 924 -2
e  263 433 -1
e  30 587 4
e  388 608 -1
e  278 550 9
e  414 866 -3
e  499 746 -4
e  81 846 -5
e  6 122 3
e  97 688 -4
e  339 542 10
e  707 869 8
e  577 863 2
e  549 873 1
e  361 510 2
e  12 123 0
e  36 453 2
e  423 871 6
e  55 723 -1
e  793 948 7
e  749 817 6
e  26 36 6
e  8 982 10
e  498 608 1
e  279 556 -5
e  653 883 -3
e  451 982 8
e  222 523 -5
e  194 573 0
e  551 880 -1
e  208 231 9
e  772 832 10
e  303 803 10
e  23 25 0
e  398 848 -5
e  322 600 2
e  19 178 6
e  687 718 8
e  230 877 7
e  316 523 -1
e  556 788 7
e  634 733 4
e  3 994 2
e  368 660 3
e  23 490 1
e  941 995 7
e  188 433 0
e  572 824 9
e  755 848 8
e  196 433 -4
e  33 36 -1
e  743 955 3
e  96 562 -2
e  397 576 3
e  860 903 4
e  508 733 2
e  129 272 4
e  75 238 10
e  391 601 4
e  321 421 6
e  170 556 0
e  146 217 -4
e  381 632 -4
e  27 385 10
e  35 650 3
e  338 924 3
e  705 994 10
e  335 591 -3
e  646 758 7
e  210 765 -1
e  513 993 -3
e  430 981 5
e  356 691 8
e  346 365 8
e  964 968 2
e  735 737 0
e  489 893 9
e  83 158 -1
e  122 860 9
e  418 738 9
e  814 915 -2
e  565 604 8
e  560 796 -1
e  766 946 -3
e  319 486 1
e  189 678 0
e  516 838 1
e  400 519 5
e  627 973 3
e  315 641 1
e  859 936 -4
e  186 498 6
e  257 447 -1
e  408 548 9
e  550 645 -1
e  519 911 8
e  340 645 -2
e  195 476 1
e  441 894 7
e  846 986 3
e  482 626 1
e  324 786 9
e  633 998 8
e  435 584 10
e  262 538 -1
e  259 825 2
e  151 558 1
e  41 350 6
e  490 905 -1
e  66 345 9
e  176 338 -3
e  238 288 4
e  431 741 6
e  18 657 2
e  399 462 -5
e  485 712 3
e  544 911 7
e  102 157 2
e  255 284 5
e  86 984 -4
e  784 905 6
e  581 706 -4
e  120 539 3
e  169 707 -4
e  172 945 -5
e  291 646 6
e  349 970 -2
e  150 983 0
e  68 74 0
e  122 967 0
e  77 161 1
e  71 233 0
e  485 718 -2
e  144 911 1
e  398 872 -1
e  557 995 1
e  217 909 -5
e  319 873 10
e  43 872 3
e  678 990 3
e  284 713 6
e  294 593 0
e  837 997 9
e  174 365 8
e  441 528 2
e  124 684 -1
e  779 849 2
e  58 322 8
e  238 746 2
e  58 597 -4
e  263 886 7
e  510 923 -4
e  373 520 0
e  380 875 6
e  302 788 5
e  482 891 -2
e  393 755 -3
e  63 389 -3
e  175 680 -2
e  312 685 -4
e  157 397 0
e  535 554 10
e  160 764 9
e  309 670 1
e  662 895 0
e  208 680 0
e  221 895 -5
e  203 731 10
e  681 809 5
e  1 142 4
e  19 661 -4
e  140 447 10
e  850 986 -4
e  140 892 2
e  184 292 8
e  506 520 10
e  182 189 2
e  527 705 6
e  480 636 -1
e  499 598 -3
e  164 275 10
e  856 881 6
e  163 794 -3
e  41 57 5
e  906 985 -4
e  137 259 10
e  778 793 4
e  297 921 10
e  419 422 7
e  470 635 6
e  129 756 -1
e  592 856 1
e  864 988 10
e  41 704 -5
e  223 471 1
e  3 855 1
e  161 404 6
e  681 682 3
e  562 933 1
e  155 704 -5
e  111 377 -2
e  15 581 -1
e  415 687 2
e  21 619 9
e  294 988 -3
e  206 810 8
e  80 429 8
e  704 851 9
e  194 803 7
e  415 895 4
e  566 756 1
e  25 523 4
e  122 692 -4
e  517 596 -4
e  218 372 5
e  851 862 3
e  30 682 0
e  484 649 3
e  352 735 4
e  115 435 2
e  108 679 -4
e  43 601 -5
e  309 567 -5
e  154 511 -2
e  122 836 -3
e  188 692 10
e  602 952 2
e  601 874 -2
e  289 949 5
e  147 979 -5
e  575 912 -5
e  123 470 -5
e  136 230 -1
e  392 783 10
e  718 954 -3
e  2 549 4
e  187 768 10
e  119 648 4
e  541 711 2
e  768 870 -4
e  857 974 0
e  244 505 4
e  127 929 8
e  71 105 3
e  951 971 4
e  58 449 9
e  347 560 6
e  547 647 -1
e  199 761 4
e  277 829 6
e  10 101 -1
e  179 881 -5
e  101 166 2
e  124 243 -2
e  149 219 5
e  86 415 -4
e  85 303 10
e  215 540 7
e  23 817 1
e  49 693 2
e  247 659 2
e  649 841 -2
e  549 621 5
e  106 680 3
e  143 571 -3
e  264 694 1
e  384 517 -1
e  40 451 -2
e  482 652 5
e  86 709 -1
e  589 635 -2
e  779 958 1
e  469 707 2
e  123 669 7
e  293 565 -4
e  539 741 6
e  131 455 -2
e  447 786 -5
e  5 220 -3
e  325 599 5
e  21 659 4
e  493 998 7
e  503 574 9
e  254 379 2
e  370 456 3
e  366 962 8
e  782 923 6
e  58 475 -3
e  396 997 5
e  570 746 5
e  213 577 -1
e  366 955 2
e  779 871 7
e  573 780 4
e  193 792 6
e  392 703 6
e  668 830 5
e  269 699 4
e  634 888 1
e  857 965 3
e  475 937 3
e  11 173 0
e  594 634 9
e  481 489 2
e  108 430 0
e  77 919 8
e  608 885 -3
e  522 885 8
e  41 337 -2
e  75 881 3
e  323 822 6
e  312 742 1
e  46 590 -2
e  653 988 3
e  442 760 -3
e  15 897 -2
e  118 121 -1
e  114 516 10
e  269 623 0
e  385 640 7
e  458 605 3
e  225 715 5
e  606 863 1
e  387 647 -2
e  92 665 6
e  421 527 0
e  590 742 7
e  262 385 7
e  534 752 -4
e  175 696 1
e  877 899 -4
e  262 974 -1
e  860 877 -5
e  441 651 5
e  218 824 8
e  879 938 5
e  257 927 7
e  97 384 3
e  150 492 6
e  637 975 5
e  402 701 2
e  613 997 6
e  783 958 -4
e  375 505 8
e  191 888 7
e  511 794 8
e  361 866 4
e  786 796 8
e  34 901 2
e  398 890 -3
e  9 127 -3
e  34 159 9
e  405 992 10
e  485 666 9
e  46 56 4
e  175 489 7
e  617 626 1
e  92 365 10
e  447 563 6
e  457 626 -3
e  708 938 4
e  216 352 0
e  389 446 -5
e  156 440 -3
e  136 781 8
e  126 800 7
e  277 321 4
e  88 784 9
e  260 536 3
e  544 947 0
e  345 541 -1
e  371 672 -1
e  758 993 5
e  270 727 -4
e  810 818 -4
e  55 474 2
e  389 533 8
e  57 134 4
e  569 718 0
e  251 788 3
e  45 584 5
e  232 559 8
e  296 732 -1
e  298 682 -5
e  155 655 6
e  157 652 3
e  669 872 -1
e  122 189 0
e  525 698 -1
e  508 830 3
e  352 555 0
e  457 711 2
e  154 267 10
e  143 785 2
e  140 587 0
e  54 379 7
e  86 530 -1
e  333 458 0
e  233 987 -2
e  318 819 -4
e  496 754 10
e  425 827 -1
e  323 940 -2
e  162 627 2
e  623 759 3
e  785 787 -4
e  501 702 -1
e  230 918 9
e  494 825 -3
e  398 504 -2
e  23 633 -5
e  118 905 9
e  263 304 6
e  747 818 2
e  223 903 3
e  453 829 1
e  345 536 2
e  188 699 8
e  5 469 10
e  166 556 -3
e  147 379 3
e  31 708 4
e  680 928 3
e  688 949 2
e  64 778 10
e  558 645 4
e  54 155 2
e  302 951 1
e  261 862 4
e  47 689 -2
e  611 866 -4
e  25 749 3
e  245 550 -3
e  400 872 9
e  257 330 10
e  178 228 6
e  20 963 -3
e  456 778 -2
e  119 920 -5
e  27 85 3
e  1 575 -4
e  754 986 4
e  696 983 -5
e  399 909 3
e  101 932 3
e  340 507 1
e  620 691 10
e  88 902 5
e  44 139 6
e  763 774 7
e  100 297 5
e  36 614 10
e  658 931 3
e  366 513 -3
e  839 904 1
e  386 400 9
e  74 778 -5
e  164 878 -4
e  454 945 10
e  80 619 8
e  310 693 3
e  528 570 -5
e  127 144 3
e  354 690 10
e  49 127 7
e  14 749 2
e  596 917 1
e  382 435 0
e  68 724 -2
e  540 829 6
e  124 806 7
e  751 804 7
e  827 910 9
e  517 912 1
e  161 535 7
e  419 913 1
e  428 818 5
e  641 927 -4
e  163 862 5
e  280 648 -3
e  472 765 1
e  183 728 3
e  230 667 0
e  154 364 -3
e  308 903 -3
e  633 776 4
e  272 483 6
e  68 371 -2
e  410 727 10
e  475 921 2
e  184 215 6
e  753 827 1
e  483 756 4
e  595 795 -5
e  116 834 2
e  98 511 1
e  166 908 4
e  36 361 3
e  551 688 2
e  323 529 8
e  156 394 2
e  265 932 1
e  477 925 8
e  254 754 5
e  48 441 -2
e  257 377 7
e  824 904 4
e  806 948 4
e  467 859 7
e  574 730 8
e  656 923 1
e  68 706 4
e  221 408 3
e  15 709 -1
e  322 340 7
e  21 353 1
e  194 539 7
e  41 144 4
e  446 958 -5
e  79 929 0
e  52 112 3
e  356 706 -3
e  919 927 6
e  394 829 1
e  394 595 7
e  306 976 0
e  480 721 -1
e  87 883 2
e  497 547 -1
e  483 585 -3
e  974 992 -4
e  245 450 -1
e  718 813 -5
e  414 828 8
e  565 804 4
e  79 261 8
e  309 610 3
e  448 483 0
e  543 561 -1
e  826 983 1
e  192 898 0
e  313 807 3
e  79 711 9
e  14 389 5
e  757 893 4
e  686 946 10
e  638 886 0
e  66 287 6
e  404 766 -4
e  311 730 -4
e  668 990 7
e  351 550 8
e  654 669 -1
e  229 614 2
e  291 654 10
e  384 596 -1
e  234 735 -1
e  300 574 -5
e  403 915 -5
e  115 362 8
e  64 725 8
e  346 453 0
e  179 318 6
e  822 894 -2
e  476 831 0
e  575 767 -4
e  292 741 8
e  240 706 2
e  363 720 8
e  156 571 -2
e  79 907 1
e  9 357 -1
e  215 654 -3
e  205 994 2
e  158 734 7
e  108 182 -3
e  203 985 -1
e  383 908 -5
e  32 682 10
e  22 620 2
e  156 791 9
e  199 715 -3
e  107 465 -3
e  69 565 -3
e  71 632 -1
e  211 525 -5
e  66 549 -3
e  258 573 6
e  291 674 4
e  221 596 1
e  407 521 4
e  44 985 -5
e  537 741 -1
e  155 235 4
e  124 710 -3
e  503 905 2
e  174 553 -2
e  551 767 -2
e  830 938 1
e  347 882 6
e  783 795 1
e  537 808 10
e  548 886 7
e  18 908 -1
e  72 486 -5
e  482 855 9
e  294 777 -1
e  52 488 10
e  100 331 0
e  651 939 -3
e  277 367 7
e  90 883 9
e  339 510 -1
e  157 514 10
e  14 148 -1
e  211 239 3
e  0 22 -1
e  379 848 -5
e  85 149 0
e  822 902 -1
e  201 538 9
e  45 956 10
e  53 84 -1
e  743 767 -2
e  746 841 5
e  220 674 6
e  549 711 -5
e  91 992 4
e  667 807 8
e  306 480 -4
e  29 344 2
e  345 860 0
e  647 685 4
e  298 385 1
e  167 378 8
e  38 273 -3
e  486 954 9
e  90 695 -1
e  174 989 9
e  496 945 7
e  359 688 3
e  104 518 6
e  633 947 -2
e  320 589 9
e  133 233 5
e  301 686 -1
e  114 532 0
e  3 446 7
e  116 977 -4
e  269 448 1
e  530 929 -3
e  12 659 5
e  193 891 -3
e  208 697 -2
e  9 73 7
e  71 876 8
e  180 289 -2
e  185 331 9
e  620 976 1
e  136 789 2
e  21 695 9
e  484 723 3
e  45 728 -2
e  570 822 10
e  141 401 9
e  5 30 -5
e  26 944 -2
e  291 691 8
e  706 917 2
e  12 856 1
e  105 627 8
e  566 579 6
e  283 983 6
e  517 812 2
e  612 870 -4
e  587 786 -3
e  274 590 -3
e  441 994 10
e  420 988 0
e  239 576 10
e  755 788 7
e  176 506 -1
e  239 755 3
e  462 737 3
e  121 647 3
e  163 721 5
e  480 520 -1
e  27 738 -5
e  425 920 7
e  396 545 9
e  605 959 3
e  308 455 10
e  50 206 1
e  562 600 6
e  528 712 -3
e  64 349 3
e  34 453 -2
e  37 921 7
e  87 774 -1
e  717 845 -4
e  45 418 7
e  355 823 0
e  278 352 0
e  105 162 10
e  473 876 4
e  233 347 -4
e  462 663 10
e  96 809 2
e  230 421 7
e  50 512 -2
e  582 760 -2
e  427 913 -3
e  89 654 5
e  607 901 5
e  393 582 3
e  221 352 1
e  73 984 10
e  161 282 7
e  294 918 -3
e  776 839 -1
e  39 762 5
e  326 815 10
e  234 743 8
e  341 697 9
e  44 953 -3
e  289 752 9
e  378 930 5
e  337 424 5
e  620 721 5
e  658 957 -4
e  211 385 -4
e  215 712 0
e  730 805 8
e  99 392 10
e  330 564 -2
e  501 540 1
e  320 755 -2
e  207 682 9
e  184 581 5
e  907 977 2
e  497 770 8
e  280 389 -5
e  633 871 5
e  819 986 1
e  263 877 6
e  162 628 8
e  6 910 2
e  881 934 5
e  217 860 8
e  187 410 -4
e  197 365 -4
e  750 834 4
e  110 847 7
e  761 772 9
e  591 800 -2
e  789 898 5
e  477 861 -3
e  388 689 7
e  340 596 -4
e  372 764 10
e  270 296 0
e  9 962 0
e  35 780 -5
e  599 855 1
e  137 985 -5
e  8 856 1
e  189 740 -5
e  21 856 -4
e  30 770 5
e  4 889 5
e  550 688 3
e  466 758 -3
e  63 72 9
e  424 553 10
e  479 591 2
e  159 940 -3
e  174 999 -4
e  818 869 3
e  329 408 -3
e  129 792 -2
e  190 895 -1
e  15 847 -3
e  747 995 4
e  740 810 7
e  501 851 -4
e  309 603 -5
e  120 163 -3
e  928 950 -2
e  448 896 4
e  188 980 -5
e  540 660 9
e  123 375 2
e  540 616 5
e  561 572 -4
e  378 440 9
e  79 595 0
e  231 365 7
e  568 645 1
e  35 457 6
e  527 540 -5
e  686 864 3
e  650 784 4
e  595 859 -2
e  166 167 -4
e  174 720 4
e  144 389 -4
e  531 588 -3
e  119 169 -1
e  170 879 -2
e  58 427 4
e  933 958 6
e  598 810 0
e  156 392 5
e  194 488 -2
e  4 952 1
e  347 490 0
e  531 880 6
e  17 838 3
e  136 343 3
e  503 610 4
e  11 826 -2
e  323 405 9
e  371 637 1
e  196 768 9
e  321 972 -3
e  378 552 -4
e  98 276 10
e  670 822 7
e  74 890 -2
e  601 703 6
e  620 702 -3
e  639 693 0
e  44 797 2
e  210 972 0
e  391 419 3
e  552 798 7
e  248 593 -3
e  47 673 0
e  355 928 7
e  265 781 7
e  318 412 -2
e  255 831 2
e  847 990 -5
e  302 663 8
e  388 654 3
e  322 514 -5
e  164 535 -2
e  444 732 0
e  506 569 -4
e  98 722 -4
e  889 906 -3
e  271 414 5
e  1 290 9
e  826 878 10
e  312 659 3
e  135 371 4
e  439 676 5
e  48 962 3
e  368 457 7
e  693 872 6
e  249 680 5
e  948 977 5
e  150 823 6
e  392 657 -5
e  178 554 0
e  327 661 -4
e  437 607 3
e  65 319 -3
e  300 754 -3
e  786 884 4
e  512 617 5
e  69 538 -4
e  306 911 -2
e  366 531 8
e  57 507 10
e  609 631 2
e  165 804 2
e  517 953 -3
e  313 823 0
e  592 971 -2
e  713 971 8
e  54 894 3
e  352 980 -2
e  575 941 4
e  600 702 7
e  355 406 10
e  384 570 -2
e  209 931 0
e  339 957 0
e  476 562 7
e  37 579 -4
e  336 947 2
e  81 289 -5
e  228 936 8
e  139 189 6
e  246 258 4
e  133 573 8
e  603 763 5
e  147 912 0
e  310 777 7
e  84 821 -3
e  71 652 2
e  134 231 -5
e  7 941 -4
e  267 493 -3
e  448 903 -1
e  215 294 3
e  18 459 10
e  405 716 5
e  535 553 4
e  312 377 -4
e  312 933 -2
e  91 517 6
e  309 368 -1
e  122 239 3
e  635 844 -2
e  40 512 -5
e  322 655 -1
e  514 643 5
e  206 526 -5
e  295 897 -1
e  201 615 3
e  230 533 -1
e  4 240 -4
e  256 456 -5
e  268 767 1
e  66 882 -1
e  2 284 10
e  870 884 2
e  3 914 10
e  84 629 -3
e  77 908 5
e  49 262 -4
e  68 732 -4
e  263 626 9
e  619 812 7
e  164 530 1
e  678 831 -4
e  231 724 -1
e  334 375 8
e  162 419 -1
e  85 759 10
e  632 923 -3
e  20 563 -5
e  845 859 5
e  730 896 3
e  234 940 6
e  80 637 -3
e  504 863 -1
e  687 799 9
e  462 725 8
e  535 573 2
e  473 950 6
e  553 842 -3
e  319 968 10
e  164 860 8
e  397 882 10
e  378 438 6
e  312 586 0
e  289 797 10
e  175 320 -1
e  844 919 7
e  163 380 -2
e  900 967 7
e  191 817 -3
e  68 940 -5
e  835 853 3
e  295 310 6
e  300 933 8
e  448 637 9
e  960 982 4
e  359 487 0
e  193 233 -4
e  762 883 -1
e  716 719 -3
e  633 978 9
e  126 427 0
e  253 956 8
e  303 955 1
e  441 573 -4
e  229 836 6
e  631 972 10
e  210 921 6
e  731 995 5
e  281 665 7
e  198 600 4
e  736 905 0
e  369 825 3
e  1 952 -4
e  347 375 8
e  384 869 10
e  435 763 5
e  601 680 9
e  388 834 -1
e  259 546 2
e  406 647 -3
e  262 781 2
e  277 550 8
e  125 588 2
e  80 946 -2
e  128 669 6
e  298 815 7
e  14 379 9
e  286 763 2
e  634 871 -3
e  198 699 6
e  459 971 1
e  154 866 5
e  765 944 4
e  424 994 10
e  774 935 4
e  294 632 7
e  3 526 2
e  75 241 8
e  433 611 9
e  260 767 7
e  80 228 8
e  179 692 2
e  447 661 8
e  700 908 -1
e  238 414 7
e  35 827 -1
e  41 983 10
e  117 837 -2
e  274 490 0
e  97 577 7
e  95 788 6
e  469 784 5
e  271 335 7
e  527 931 8
e  416 526 5
e  260 997 4
e  467 926 -2
e  357 767 -3
e  833 954 9
e  94 842 5
e  507 645 0
e  62 247 4
e  673 996 10
e  151 269 6
e  222 778 5
e  61 712 -2
e  136 339 8
e  671 798 -5
e  47 816 7
e  271 799 4
e  517 538 -5
e  419 809 -1
e  26 620 9
e  10 934 -3
e  415 872 10
e  650 915 4
e  318 696 3
e  152 283 2
e  189 230 5
e  396 880 8
e  171 962 -3
e  93 871 5
e  227 832 5
e  597 620 6
e  654 771 -5
e  229 983 9
e  193 743 2
e  91 858 8
e  12 500 -1
e  359 926 7
e  764 915 -3
e  207 523 8
e  443 883 3
e  907 932 3
e  688 881 2
e  284 529 4
e  282 946 -4
e  929 971 -5
e  848 871 2
e  85 823 3
e  93 448 4
e  420 940 -3
e  402 745 5
e  222 448 8
e  354 848 0
e  592 836 2
e  68 639 1
e  381 493 0
e  346 756 -4
e  130 153 9
e  132 172 2
e  208 410 10
e  898 928 -4
e  56 261 -4
e  404 451 10
e  358 618 4
e  306 531 -1
e  89 156 -1
e  327 407 10
e  309 773 0
e  629 738 7
e  59 654 3
e  85 818 -3
e  211 396 2
e  20 530 10
e  359 391 2
e  108 597 10
e  343 466 8
e  606 906 2
e  345 938 -4
e  301 991 2
e  596 629 3
e  755 836 2
e  359 515 5
e  251 678 9
e  22 766 6
e  228 797 5
e  179 888 -4
e  304 358 -2
e  231 669 8
e  308 581 0
e  7 843 -5
e  453 597 -2
e  244 510 9
e  100 549 0
e  956 970 10
e  316 801 7
e  31 591 -1
e  315 803 -3
e  606 929 6
e  576 982 2
e  263 374 9
e  868 928 7
e  402 889 -3
e  275 390 3
e  275 695 3
e  186 676 5
e  308 934 7
e  885 914 -3
e  287 902 -1
e  245 972 -4
e  79 685 10
e  678 974 -2
e  7 895 1
e  163 512 4
e  685 850 8
e  140 730 3
e  393 683 6
e  685 835 -1
e  252 764 7
e  318 957 1
e  50 714 7
e  59 456 10
e  853 989 2
e  437 771 10
e  109 963 -1
e  119 750 -2
e  469 716 -2
e  376 486 7
e  57 571 3
e  38 64 -1
e  650 821 -4
e  410 554 10
e  11 538 4
e  549 764 0
e  509 865 8
e  34 335 7
e  610 966 -1
e  156 314 5
e  487 632 -1
e  412 535 3
e  199 688 -5
e  173 522 7
e  135 547 1
e  508 563 -1
e  384 423 -5
e  477 974 -2
e  570 863 0
e  324 980 -5
e  81 169 -1
e  483 876 4
e  77 183 -4
e  30 31 -3
e  375 707 -1
e  105 763 7
e  1 118 -2
e  773 831 2
e  270 797 9
e  428 535 8
e  22 453 5
e  52 409 7
e  183 444 2
e  3 224 -2
e  811 941 0
e  207 596 4
e  769 917 4
e  100 673 -3
e  167 345 9
e  51 458 5
e  608 939 -4
e  558 646 -1
e  136 935 9
e  485 997 -3
e  678 854 -2
e  86 349 5
e  614 852 -5
e  254 688 -1
e  229 743 7
e  649 831 4
e  427 498 9
e  94 728 4
e  477 598 -5
e  71 939 4
e  506 889 8
e  249 646 -2
e  44 417 8
e  59 549 7
e  648 649 0
e  684 866 -5
e  362 860 -4
e  612 696 10
e  66 188 0
e  529 824 5
e  99 579 4
e  62 202 -3
e  408 491 9
e  99 458 4
e  260 893 2
e  528 733 6
e  646 762 1
e  430 886 -5
e  457 459 4
e  224 351 8
e  183 809 4
e  677 833 0
e  159 599 5
e  131 466 1
e  192 582 -4
e  391 562 5
e  235 365 4
e  107 405 4
e  58 844 -4
e  42 401 1
e  76 872 2
e  330 924 9
e  295 481 -1
e  718 878 7
e  818 879 -2
e  62 767 5
e  222 816 6
e  152 787 -2
e  156 747 10
e  83 286 2
e  97 284 -1
e  71 813 8
e  173 316 -2
e  534 854 3
e  231 756 -1
e  514 850 -5
e  101 323 -1
e  314 795 0
e  122 615 8
e  22 88 -3
e  190 867 -1
e  409 999 -4
e  643 779 -4
e  451 696 -4
e  530 766 7
e  14 54 4
e  33 511 -2
e  260 265 0
e  803 810 7
e  235 885 1
e  210 628 -1
e  827 914 8
e  7 601 4
e  551 719 1
e  30 229 1
e  509 560 -2
e  622 634 7
e  53 67 5
e  456 800 4
e  127 159 0
e  43 494 -1
e  27 372 1
e  172 350 -5
e  310 535 6
e  13 117 3
e  154 553 -1
e  10 98 1
e  33 191 -1
e  400 433 5
e  214 630 9
e  623 702 -3
e  132 469 7
e  146 185 7
e  415 536 1
e  439 976 10
e  46 856 3
e  71 470 4
e  628 931 -5
e  117 727 2
e  206 268 -1
e  772 834 5
e  102 620 6
e  393 858 4
e  481 954 3
e  208 938 -5
e  660 980 4
e  165 481 2
e  286 676 -2
e  265 527 7
e  330 610 -5
e  312 753 6
e  294 793 -1
e  603 736 0
e  166 609 3
e  151 467 0
e  42 399 8
e  3 650 3
e  775 835 0
e  137 157 6
e  93 499 7
e  639 954 1
e  208 570 7
e  66 592 0
e  162 174 7
e  350 530 -5
e  118 533 6
e  93 877 3
e  260 788 6
e  215 534 7
e  242 454 -2
e  715 725 5
e  109 171 8
e  852 864 1
e  695 814 3
e  807 966 -5
e  277 816 0
e  62 501 1
e  68 92 0
e  47 314 6
e  454 697 5
e  517 990 4
e  680 757 -1
e  307 940 5
e  412 947 -3
e  14 717 -4
e  415 423 2
e  168 605 -1
e  362 957 -5
e  38 722 7
e  146 654 -1
e  268 939 1
e  362 460 -3
e  189 690 -4
e  84 131 5
e  588 907 8
e  39 731 -2
e  254 491 -5
e  441 945 -3
e  279 358 6
e  436 719 5
e  4 823 7
e  772 956 8
e  128 773 8
e  212 545 7
e  110 428 10
e  47 601 3
e  83 735 5
e  155 533 0
e  875 895 -4
e  356 712 7
e  342 794 -3
e  170 990 6
e  102 170 2
e  160 780 6
e  38 442 1
e  480 921 -5
e  313 464 8
e  254 989 9
e  312 696 10
e  38 39 8
e  209 820 -2
e  277 770 8
e  153 597 -4
e  744 803 1
e  259 265 -1
e  489 677 9
e  687 834 -5
e  923 965 10
e  323 744 10
e  80 621 1
e  186 434 8
e  193 992 0
e  71 817 9
e  358 458 10
e  278 318 4
e  282 676 0
e  112 212 8
e  44 651 -2
e  579 621 8
e  9 118 -3
e  226 249 8
e  38 86 2
e  701 925 -4
e  749 839 3
e  379 468 4
e  33 551 -3
e  692 963 2
e  379 954 6
e  263 746 10
e  233 833 1
e  101 532 -5
e  121 371 -2
e  346 705 7
e  605 925 -3
e  663 730 -5
e  174 947 -2
e  151 348 -3
e  331 884 -1
e  84 752 1
e  685 725 2
e  442 584 7
e  529 847 7
e  232 303 5
e  515 991 -5
e  763 838 3
e  147 860 3
e  501 664 -3
e  429 845 10
e  892 928 3
e  61 65 1
e  13 141 4
e  292 831 10
e  710 865 6
e  290 406 -4
e  145 557 5
e  386 961 6
e  374 753 -1
e  191 484 0
e  623 693 -3
e  297 882 2
e  105 570 10
e  531 918 9
e  508 826 -5
e  613 878 4
e  361 888 1
e  474 833 3
e  690 954 0
e  69 880 1
e  794 962 -4
e  542 575 0
e  76 213 10
e  671 754 3
e  0 923 5
e  436 697 -5
e  388 923 2
e  203 968 1
e  778 779 8
e  451 559 2
e  40 559 0
e  591 678 -3
e  164 590 6
e  343 673 -5
e  173 692 -2
e  123 735 -3
e  248 487 3
e  453 799 9
e  495 572 0
e  48 659 10
e  289 699 -4
e  666 745 0
e  714 769 8
e  209 317 9
e  681 818 9
e  225 450 -3
e  371 631 -2
e  18 883 -3
e  458 742 1
e  231 491 7
e  349 710 4
e  613 818 2
e  280 566 1
e  239 392 -4
e  38 232 5
e  188 586 8
e  417 956 1
e  302 768 -4
e  737 867 10
e  616 972 -3
e  461 653 8
e  329 887 -3
e  7 523 -2
e  739 863 6
e  599 720 7
e  345 899 0
e  275 740 -4
e  594 876 2
e  7 234 8
e  83 400 -5
e  620 719 6
e  391 603 10
e  236 595 10
e  2 737 -2
e  235 654 -1
e  2 625 -3
e  859 877 -5
e  44 566 -4
e  85 689 6
e  45 477 -1
e  572 633 -2
e  670 840 9
e  269 804 6
e  215 687 -1
e  22 696 1
e  238 473 -3
e  408 709 -2
e  467 867 8
e  279 814 4
e  788 819 0
e  613 676 9
e  744 773 5
e  860 959 10
e  580 741 1
e  429 805 2
e  105 221 6
e  932 960 -1
e  61 973 -4
e  112 501 1
e  216 592 -2
e  273 710 0
e  215 731 2
e  56 192 5
e  476 745 3
e  189 484 0
e  620 659 6
e  241 417 3
e  175 364 -1
e  83 548 8
e  365 947 5
e  550 656 7
e  386 406 -5
e  205 850 8
e  466 781 3
e  509 581 -2
e  48 807 6
e  401 734 3
e  103 892 0
e  355 663 -5
e  334 850 3
e  551 655 6
e  669 990 4
e  302 579 -4
e  90 92 5
e  337 866 0
e  282 584 -1
e  7 155 7
e  99 766 3
e  95 610 3
e  967 994 4
e  766 844 5
e  474 590 5
e  135 729 8
e  82 85 9
e  683 835 2
e  249 477 7
e  638 798 7
e  364 786 4
e  255 876 -1
e  11 432 -3
e  63 538 9
e  829 994 -1
e  457 913 8
e  434 624 -5
e  582 954 -3
e  129 948 -1
e  96 765 6
e  539 977 0
e  520 800 2
e  380 583 2
e  364 538 3
e  277 478 8
e  261 953 -3
e  113 674 2
e  382 426 9
e  208 888 -3
e  166 919 8
e  317 647 6
e  603 702 8
e  4 228 8
e  72 673 -4
e  807 928 -1
e  619 670 7
e  837 915 2
e  277 707 2
e  261 304 6
e  14 345 3
e  466 699 4
e  262 780 -4
e  444 776 -2
e  287 740 8
e  2 582 7
e  634 910 -2
e  132 273 -1
e  395 836 4
e  120 292 -3
e  29 251 3
e  349 431 -4
e  752 990 -1
e  224 371 8
e  325 991 -3
e  17 813 -2
e  795 902 9
e  477 893 8
e  107 670 -1
e  145 396 5
e  282 872 5
e  777 939 8
e  350 993 8
e  315 790 -3
e  674 714 -4
e  678 956 6
e  140 371 -2
e  478 576 9
e  90 168 -1
e  178 678 9
e  211 507 9
e  440 941 7
e  516 952 9
e  113 298 -4
e  211 493 -4
e  395 604 7
e  367 593 0
e  19 403 -2
e  194 943 -1
e  111 791 10
e  35 890 -3
e  143 898 5
e  495 836 10
e  360 675 -4
e  369 988 4
e  459 670 5
e  69 527 9
e  112 270 6
e  818 987 5
e  365 423 9
e  771 798 4
e  457 570 -5
e  190 717 -3
e  140 211 0
e  439 473 7
e  916 967 7
e  221 608 8
e  91 367 -3
e  41 206 2
e  349 829 4
e  360 589 -3
e  472 898 -5
e  311 418 0
e  77 592 7
e  72 490 0
e  652 779 0
e  40 662 2
e  192 685 9
e  542 737 2
e  594 760 -5
e  111 467 -4
e  395 624 8
e  624 663 1
e  331 530 4
e  426 904 3
e  407 550 6
e  153 730 -5
e  244 971 10
e  527 774 -4
e  76 521 2
e  146 509 -2
e  603 885 -5
e  405 598 10
e  97 768 5
e  90 844 6
e  162 549 4
e  687 918 10
e  162 307 3
e  536 604 7
e  195 656 9
e  8 535 7
e  177 639 -5
e  736 853 9
e  849 959 5
e  164 213 -5
e  49 328 2
e  886 950 6
e  354 617 -1
e  141 220 2
e  46 295 3
e  184 351 -3
e  271 338 3
e  172 678 10
e  121 718 8
e  437 933 2
e  186 317 0
e  366 443 -4
e  879 915 3
e  83 813 -1
e  144 401 6
e  304 654 -3
e  163 719 8
e  483 897 -4
e  31 773 -5
e  426 834 -3
e  63 691 1
e  99 718 8
e  160 596 -3
e  603 966 9
e  96 680 7
e  207 752 9
e  180 859 0
e  110 588 0
e  184 786 10
e  666 944 -1
e  61 231 5
e  673 852 10
e  66 628 7
e  626 945 -3
e  217 277 -3
e  142 879 9
e  489 974 8
e  409 426 -1
e  83 235 -4
e  606 943 4
e  39 958 -5
e  768 813 10
e  158 775 3
e  618 943 6
e  315 946 -2
e  179 226 10
e  310 675 -5
e  36 859 -4
e  297 697 7
e  919 952 10
e  101 586 1
e  492 888 -2
e  282 822 6
e  135 504 -1
e  492 892 -4
e  16 679 10
e  566 772 -2
e  156 786 -1
e  167 623 -2
e  112 498 3
e  114 215 9
e  143 254 6
e  71 979 -4
e  39 685 4
e  400 938 5
e  85 758 7
e  509 798 -1
e  374 916 3
e  678 939 8
e  164 697 -5
e  17 920 9
e  17 380 -3
e  257 687 -3
e  413 966 -2
e  648 795 -4
e  6 902 -5
e  524 648 -1
e  51 514 9
e  140 647 3
e  296 461 10
e  725 873 3
e  703 871 -4
e  561 683 8
e  141 306 1
e  552 756 3
e  167 686 0
e  511 644 -3
e  151 796 8
e  487 817 7
e  274 420 5
e  128 572 8
e  525 846 -3
e  334 406 -4
e  38 682 7
e  284 443 1
e  957 980 1
e  512 749 7
e  128 380 9
e  305 689 -1
e  544 987 -4
e  139 568 7
e  726 985 0
e  200 385 -4
e  174 376 0
e  108 399 0
e  618 659 7
e  405 952 9
e  776 803 6
e  397 905 -4
e  476 947 3
e  568 992 10
e  43 791 -5
e  84 141 4
e  452 901 8
e  161 580 10
e  343 665 3
e  48 352 0
e  426 693 8
e  689 694 9
e  411 668 0
e  160 861 8
e  926 933 7
e  248 909 4
e  200 830 2
e  446 922 -4
e  209 518 1
e  623 875 4
e  26 910 -4
e  51 305 -5
e  309 426 1
e  280 861 7
e  663 856 -1
e  63 687 8
e  245 966 9
e  178 944 -2
e  665 721 2
e  84 811 3
e  0 294 10
e  731 944 3
e  399 660 -4
e  324 921 2
e  297 780 9
e  296 612 1
e  526 713 -3
e  599 846 -2
e  113 422 -4
e  146 221 7
e  148 388 0
e  282 463 1
e  653 669 9
e  299 903 1
e  73 662 -5
e  373 606 2
e  247 468 9
e  86 244 -4
e  115 985 -2
e  77 269 1
e  478 644 -5
e  298 741 2
e  197 977 8
e  731 878 -2
e  325 717 -4
e  355 951 1
e  195 725 6
e  446 692 -1
e  24 196 -3
e  59 446 10
e  64 756 -1
e  501 680 2
e  472 482 3
e  224 950 8
e  204 549 10
e  240 839 10
e  446 624 -4
e  513 820 3
e  447 679 4
e  798 915 4
e  308 339 9
e  48 594 -3
e  89 110 -1
e  353 685 2
e  434 487 6
e  187 777 6
e  551 828 0
e  157 212 10
e  314 797 3
e  324 361 9
e  49 385 -3
e  483 566 8
e  828 887 3
e  204 328 -3
e  516 741 4
e  956 959 5
e  560 750 -2
e  7 456 7
e  8 903 -4
e  637 836 -5
e  188 325 -3
e  129 381 -3
e  648 928 5
e  197 746 6
e  486 565 4
e  407 911 -2
e  518 658 0
e  52 524 -1
e  274 742 -2
e  599 699 -2
e  12 174 -2
e  129 907 0
e  280 291 -3
e  917 932 6
e  418 804 -4
e  91 293 2
e  125 267 10
e  352 628 4
e  632 836 4
e  154 710 8
e  276 916 5
e  124 698 9
e  741 818 -2
e  584 962 -1
e  93 251 2
e  616 884 -2
e  730 969 8
e  282 737 4
e  753 900 2
e  375 430 1
e  52 245 5
e  496 832 10
e  845 957 9
e  109 748 2
e  521 680 -5
e  548 868 -4
e  67 260 2
e  375 828 0
e  4 103 4
e  476 588 0
e  50 94 6
e  339 676 -4
e  293 296 -4
e  508 596 2
e  261 789 2
e  45 114 -3
e  8 646 -1
e  97 822 -2
e  17 196 2
e  363 604 2
e  46 102 6
e  244 342 9
e  180 647 5
e  461 470 -4
e  96 666 5
e  199 848 0
e  60 835 -1
e  41 950 9
e  13 319 4
e  496 814 2
e  441 843 -1
e  247 583 6
e  108 295 -5
e  383 872 6
e  222 513 1
e  230 970 7
e  360 815 -4
e  230 850 -3
e  45 911 6
e  83 242 9
e  532 602 0
e  654 972 0
e  624 901 2
e  697 822 1
e  104 203 2
e  547 701 1
e  364 673 9
e  555 858 0
e  358 785 8
e  657 703 -1
e  44 567 5
e  150 284 7
e  222 415 -2
e  811 994 4
e  110 284 8
e  185 564 4
e  176 980 4
e  318 459 9
e  487 843 9
e  308 440 10
e  63 450 5
e  629 888 2
e  450 762 -4
e  195 306 -3
e  578 756 -1
e  39 257 -3
e  906 940 -3
e  307 655 7
e  892 970 -1
e  397 802 8
e  290 395 8
e  99 483 6
e  477 807 -4
e  452 815 -1
e  356 561 -1
e  203 240 5
e  140 503 -2
e  500 723 2
e  253 260 7
e  256 928 3
e  36 792 4
e  307 932 9
e  716 923 0
e  34 663 -3
e  238 972 1
e  902 950 8
e  63 909 3
e  650 953 2
e  103 658 1
e  730 878 9
e  113 300 5
e  628 935 8
e  448 946 9
e  99 877 -5
e  19 239 -3
e  165 373 7
e  723 903 10
e  219 923 4
e  39 205 9
e  45 239 2
e  196 811 5
e  69 199 8
e  345 776 -5
e  286 647 -5
e  226 424 -2
e  654 687 -1
e  60 393 5
e  847 954 7
e  457 827 1
e  144 927 -2
e  153 171 5
e  656 788 10
e  75 702 10
e  9 156 5
e  25 27 -5
e  174 449 7
e  233 357 -4
e  276 854 -1
e  121 941 -5
e  640 873 4
e  297 367 -2
e  671 689 -5
e  8 125 4
e  429 876 2
e  285 514 10
e  137 415 4
e  295 457 -1
e  74 644 10
e  11 174 -4
e  461 740 4
e  83 159 10
e  28 899 0
e  691 999 -3
e  602 803 1
e  60 599 7
e  36 232 5
e  21 859 -3
e  80 731 4
e  509 527 9
e  172 263 4
e  375 401 2
e  104 472 2
e  16 644 2
e  340 947 9
e  119 564 4
e  327 513 8
e  184 834 0
e  507 803 10
e  69 756 10
e  238 684 8
e  302 364 -2
e  793 862 0
e  390 544 4
e  37 764 2
e  853 909 10
e  142 506 -2
e  235 457 8
e  208 644 5
e  700 920 -4
e  952 996 -3
e  272 975 -3
e  252 914 8
e  85 820 6
e  631 883 8
e  132 305 1
e  662 921 4
e  750 939 8
e  308 429 3
e  549 937 3
e  330 334 -4
e  426 776 3
e  562 795 9
e  579 645 9
e  424 523 2
e  427 612 9
e  471 610 4
e  367 514 -5
e  244 255 -2
e  73 660 9
e  125 984 -3
e  12 753 -3
e  503 969 9
e  647 762 7
e  222 683 7
e  392 567 8
e  229 657 6
e  293 548 0
e  608 783 2
e  39 768 -3
e  675 731 -1
e  557 846 6
e  785 873 -5
e  19 707 7
e  62 388 0
e  544 604 4
e  305 732 6
e  49 182 4
e  460 727 8
e  182 350 -3
e  226 986 3
e  36 866 9
e  99 830 -1
e  186 414 6
e  76 493 7
e  62 879 10
e  412 989 -2
e  912 983 -3
e  191 901 -5
e  190 585 6
e  90 675 4
e  318 363 -5
e  118 909 -1
e  150 730 -2
e  587 968 9
e  537 592 7
e  1 516 8
e  47 368 0
e  282 794 10
e  121 346 -2
e  801 818 -2
e  378 941 10
e  120 536 1
e  167 776 1
e  527 688 -1
e  395 537 1
e  794 835 -3
e  107 535 5
e  95 341 1
e  329 354 5
e  298 824 9
e  5 746 1
e  277 744 10
e  465 987 1
e  156 262 -4
e  323 844 9
e  459 801 5
e  232 915 8
e  59 316 0
e  719 933 1
e  503 866 -5
e  426 465 3
e  307 516 -1
e  261 401 3
e  65 876 4
e  108 531 5
e  775 795 10
e  430 641 6
e  282 598 -5
e  228 937 -3
e  465 870 0
e  407 453 -5
e  191 258 1
e  276 836 1
e  354 600 4
e  463 755 3
e  524 702 8
e  211 918 7
e  280 347 0
e  280 371 -3
e  481 580 5
e  1 883 -2
e  46 830 10
e  453 830 0
e  232 329 -4
e  186 262 1
e  64 497 8
e  336 701 4
e  151 614 1
e  613 679 7
e  323 987 0
e  421 635 -4
e  183 845 5
e  371 486 9
e  941 989 -3
e  55 199 -3
e  53 283 -1
e  230 588 -5
e  145 548 7
e  350 746 -4
e  135 525 3
e  224 248 10
e  402 415 3
e  34 407 6
e  263 981 -3
e  404 646 7
e  358 577 -1
e  233 294 0
e  318 773 4
e  427 864 3
e  202 315 10
e  270 328 -4
e  406 762 0
e  939 995 9
e  256 337 -3
e  199 388 6
e  150 594 9
e  224 256 6
e  182 549 5
e  125 919 5
e  118 167 2
e  525 906 6
e  251 897 3
e  515 724 2
e  65 761 6
e  730 882 -3
e  709 837 -3
e  1 859 4
e  80 382 5
e  180 580 2
e  355 907 6
e  549 633 0
e  457 820 6
e  75 911 4
e  29 966 8
e  192 770 -1
e  140 538 -2
e  310 788 5
e  818 914 2
e  397 625 8
e  176 306 6
e  69 588 0
e  572 609 4
e  262 961 2
e  247 933 9
e  281 424 5
e  324 658 10
e  62 116 5
e  70 144 6
e  278 752 1
e  877 912 0
e  184 224 0
e  492 733 0
e  89 475 5
e  77 857 4
e  42 144 3
e  100 463 1
e  375 831 6
e  33 491 9
e  112 159 3
e  816 876 8
e  224 579 7
e  14 996 -2
e  288 915 6
e  909 932 6
e  811 840 -5
e  532 846 3
e  13 449 8
e  149 695 8
e  191 253 9
e  40 261 0
e  24 221 -2
e  182 494 8
e  276 896 8
e  274 311 -4
e  11 615 10
e  427 626 -5
e  124 544 3
e  792 840 -2
e  266 562 -5
e  313 560 9
e  426 578 -2
e  326 844 6
e  246 886 4
e  326 622 9
e  662 809 4
e  606 757 -5
e  197 316 -1
e  99 895 3
e  235 543 6
e  168 382 0
e  101 152 0
e  523 996 -1
e  225 300 9
e  6 847 2
e  552 599 8
e  359 855 10
e  716 944 0
e  171 723 10
e  280 791 2
e  22 29 -4
e  65 561 2
e  293 645 -3
e  102 602 8
e  378 980 6
e  636 734 2
e  696 774 -2
e  255 598 9
e  703 923 1
e  128 446 -4
e  370 973 2
e  337 949 -1
e  111 845 0
e  721 746 4
e  344 848 2
e  46 768 2
e  725 794 0
e  799 838 -4
e  67 268 1
e  538 945 5
e  464 563 6
e  313 392 -5
e  392 676 9
e  786 980 5
e  26 598 -1
e  145 253 -4
e  476 962 10
e  242 638 -3
e  70 312 6
e  768 878 -3
e  612 984 -2
e  55 151 9
e  161 882 -3
e  427 979 2
e  633 706 4
e  869 986 -2
e  157 929 3
e  138 341 10
e  187 376 10
e  189 674 -2
e  492 646 5
e  46 271 -5
e  165 423 10
e  49 475 6
e  728 817 -4
e  18 921 10
e  467 591 -5
e  741 808 9
e  224 250 0
e  664 808 5
e  468 877 5
e  321 627 3
e  459 856 -4
e  331 928 4
e  428 575 8
e  90 232 3
e  623 834 -1
e  338 379 0
e  644 918 10
e  208 535 10
e  215 721 4
e  748 904 3
e  702 912 -3
e  98 369 10
e  199 744 5
e  431 582 7
e  261 511 -5
e  600 876 -3
e  323 884 4
e  107 353 7
e  475 761 4
e  283 473 -2
e  169 669 3
e  730 837 -5
e  450 792 -1
e  120 356 8
e  92 506 -4
e  117 684 4
e  473 680 9
e  2 777 10
e  418 771 2
e  145 322 -5
e  70 261 6
e  133 452 -5
e  451 571 -5
e  58 191 -3
e  113 226 -4
e  303 543 4
e  144 848 3
e  108 426 1
e  203 337 7
e  252 740 -5
e  243 510 -1
e  567 699 0
e  287 676 -1
e  667 864 -4
e  166 528 5
e  676 853 -5
e  285 300 2
e  34 235 5
e  620 954 8
e  322 671 1
e  141 633 7
e  4 602 -1
e  676 886 -2
e  10 627 8
e  329 467 0
e  347 516 8
e  483 924 8
e  81 331 5
e  406 460 -4
e  488 771 0
e  528 647 8
e  139 546 2
e  65 714 4
e  340 839 10
e  376 838 10
e  388 984 4
e  396 415 10
e  724 873 5
e  164 485 -3
e  197 731 2
e  126 316 0
e  65 998 5
e  167 790 8
e  421 977 9
e  720 789 8
e  481 786 0
e  63 357 -2
e  716 909 8
e  187 735 -1
e  347 745 -4
e  262 548 6
e  157 440 6
e  129 585 -2
e  717 955 7
e  8 515 6
e  469 967 -5
e  279 701 0
e  595 920 -4
e  108 990 -4
e  216 250 7
e  984 995 6
e  740 741 8
e  366 961 -2
e  71 736 3
e  629 804 3
e  76 337 -1
e  157 379 2
e  606 911 7
e  183 781 9
e  369 802 -2
e  132 887 1
e  187 449 9
e  194 432 4
e  502 915 -1
e  456 621 -3
e  82 341 -1
e  76 962 8
e  327 394 2
e  970 984 3
e  560 752 5
e  654 920 0
e  291 359 1
e  210 414 3
e  119 776 4
e  24 418 3
e  35 304 7
e  21 984 7
e  3 38 4
e  127 757 8
e  186 742 -3
e  68 269 8
e  248 951 9
e  40 604 5
e  388 705 1
e  273 920 -4
e  63 479 4
e  362 980 6
e  383 766 4
e  843 915 1
e  355 763 5
e  77 621 0
e  110 308 -4
e  34 140 -5
e  122 220 8
e  79 753 -2
e  276 531 -4
e  177 977 9
e  293 523 8
e  140 576 -2
e  127 606 2
e  717 950 3
e  223 350 1
e  491 658 0
e  3 480 2
e  12 265 2
e  42 674 -4
e  633 809 4
e  439 553 -4
e  260 770 -3
e  223 537 -5
e  231 333 6
e  449 480 -1
e  470 630 4
e  714 930 6
e  502 794 7
e  95 799 3
e  561 824 9
e  113 846 -2
e  218 283 -1
e  521 595 -5
e  568 648 2
e  108 988 -1
e  553 578 7
e  549 919 3
e  295 328 7
e  134 594 0
e  189 930 -2
e  841 907 5
e  131 798 -3
e  69 412 6
e  112 924 2
e  181 610 -1
e  627 978 10
e  468 805 3
e  479 530 9
e  306 585 5
e  676 789 7
e  497 711 0
e  5 49 4
e  22 532 -5
e  425 457 8
e  280 918 7
e  288 371 0
e  96 760 6
e  882 918 -3
e  48 872 3
e  150 555 -5
e  81 538 -3
e  319 817 0
e  743 823 6
e  305 487 4
e  432 515 -4
e  89 843 9
e  715 848 9
e  69 381 4
e  40 229 -5
e  919 969 -1
e  154 336 -3
e  378 786 2
e  426 556 9
e  189 679 1
e  57 823 5
e  75 455 5
e  131 544 10
e  258 318 9
e  197 440 2
e  435 697 10
e  150 373 8
e  386 757 1
e  532 538 4
e  312 604 -1
e  236 679 4
e  163 424 -5
e  345 796 -5
e  571 899 3
e  480 603 1
e  216 722 10
e  470 578 2
e  85 952 -4
e  15 185 -3
e  80 290 6
e  8 720 9
e  130 737 10
e  670 748 4
e  33 880 -2
e  23 534 1
e  65 142 9
e  739 860 2
e  218 564 7
e  256 749 9
e  870 987 0
e  47 753 6
e  135 232 -4
e  509 873 5
e  241 435 4
e  84 656 0
e  391 797 6
e  65 555 3
e  40 122 0
e  244 870 9
e  8 150 -4
e  118 620 7
e  83 141 -1
e  90 746 5
e  605 850 9
e  644 950 4
e  24 38 7
e  741 764 5
e  33 531 4
e  623 722 0
e  638 930 0
e  329 851 3
e  439 639 -2
e  873 891 6
e  407 642 8
e  704 860 5
e  10 808 1
e  433 849 10
e  458 732 8
e  306 389 -2
e  267 339 1
e  305 616 -3
e  269 773 4
e  497 664 2
e  520 569 4
e  169 346 5
e  131 359 -2
e  565 856 10
e  70 474 7
e  345 531 4
e  151 569 8
e  141 246 -1
e  134 691 0
e  43 226 -5
e  120 134 6
e  307 746 4
e  7 182 3
e  552 920 9
e  307 837 7
e  709 962 4
e  306 906 -5
e  333 591 1
e  398 576 -1
e  35 877 -2
e  171 190 -3
e  581 990 -5
e  327 465 -4
e  441 682 -2
e  699 982 -1
e  36 98 2
e  827 995 0
e  431 912 -2
e  159 353 3
e  367 563 9
e  311 331 -1
e  284 770 -5
e  659 798 0
e  202 292 9
e  663 935 5
e  122 915 -4
e  930 968 -2
e  780 930 5
e  559 663 8
e  165 255 9
e  489 575 3
e  6 127 -3
e  609 813 -2
e  592 663 3
e  109 842 5
e  84 137 3
e  234 591 2
e  503 563 2
e  439 875 9
e  163 870 -4
e  388 941 0
e  184 729 -3
e  626 658 9
e  289 363 9
e  379 449 -5
e  492 824 6
e  1 719 1
e  253 717 -4
e  528 746 6
e  20 713 1
e  399 938 -1
e  92 918 6
e  136 800 9
e  434 567 -4
e  159 875 5
e  376 831 5
e  34 54 9
e  154 365 -3
e  344 360 -3
e  524 723 4
e  493 498 7
e  100 795 -3
e  372 412 4
e  820 873 8
e  100 680 0
e  236 389 4
e  457 751 0
e  306 729 -3
e  417 565 -1
e  7 983 10
e  840 950 9
e  642 907 3
e  283 879 6
e  141 759 -3
e  596 940 6
e  463 946 0
e  19 446 -1
e  531 813 -4
e  769 799 2
e  32 600 -4
e  346 399 -2
e  68 335 3
e  358 926 -3
e  77 536 6
e  110 189 -5
e  308 949 0
e  288 445 -4
e  240 486 -3
e  707 999 2
e  106 259 4
e  475 508 3
e  293 618 4
e  646 848 8
e  308 744 -3
e  764 984 7
e  390 950 4
e  297 339 10
e  179 575 -4
e  25 251 9
e  749 823 1
e  133 842 10
e  591 862 8
e  262 481 -4
e  604 989 3
e  783 850 8
e  190 541 -5
e  95 602 1
e  10 265 -5
e  215 538 0
e  330 539 9
e  816 829 0
e  196 982 -1
e  582 708 -4
e  194 706 0
e  125 429 1
e  143 232 0
e  798 858 7
e  573 704 0
e  369 599 4
e  204 389 3
e  53 506 -1
e  761 931 0
e  63 565 6
e  335 889 7
e  348 922 10
e  161 574 1
e  39 234 5
e  216 281 2
e  555 975 4
e  378 683 6
e  45 342 7
e  565 898 10
e  258 374 -2
e  351 645 -1
e  297 402 9
e  316 706 9
e  0 291 0
e  759 818 3
e  319 451 7
e  981 992 2
e  126 462 -3
e  633 845 -2
e  478 765 3
e  43 932 3
e  807 931 0
e  249 851 2
e  309 708 -1
e  421 636 0
e  495 592 -2
e  528 632 1
e  283 651 -2
e  279 592 -5
e  84 557 0
e  411 835 0
e  483 495 1
e  111 700 -5
e  197 740 9
e  178 726 9
e  125 893 5
e  408 882 8
e  93 173 3
e  113 904 10
e  394 501 0
e  484 559 5
e  7 206 10
e  695 830 6
e  735 971 10
e  568 685 7
e  730 828 -2
e  39 97 4
e  719 890 4
e  396 665 0
e  102 205 3
e  371 859 6
e  446 761 -4
e  13 562 3
e  282 850 10
e  346 717 5
e  121 561 -1
e  300 980 2
e  259 862 3
e  164 935 0
e  11 243 9
e  840 968 10
e  72 367 8
e  73 269 1
e  520 989 3
e  320 452 1
e  224 565 -4
e  118 573 7
e  26 972 4
e  526 962 8
e  72 799 -4
e  202 320 -3
e  166 301 5
e  106 204 -3
e  274 999 -2
e  610 922 2
e  482 964 3
e  49 222 -2
e  278 586 -5
e  390 804 -1
e  285 407 -5
e  149 977 -2
e  318 587 5
e  642 844 -5
e  515 538 7
e  4 905 -1
e  380 752 6
e  470 929 0
e  311 779 -4
e  229 665 -2
e  400 526 -4
e  819 868 -5
e  766 856 4
e  272 940 -1
e  33 933 2
e  6 502 10
e  587 604 0
e  642 781 5
e  418 619 3
e  316 506 5
e  318 525 6
e  475 613 3
e  107 553 10
e  79 187 10
e  281 914 1
e  0 473 7
e  529 846 2
e  81 152 10
e  8 683 -3
e  354 817 -5
e  471 646 7
e  768 981 -1
e  638 669 5
e  93 707 3
e  327 556 5
e  831 881 1
e  261 435 -1
e  580 992 9
e  179 363 -2
e  256 985 -1
e  588 870 1
e  94 803 -3
e  123 414 -5
e  414 825 6
e  225 763 -5
e  28 137 -3
e  209 935 -1
e  33 512 5
e  605 830 -3
e  476 669 6
e  417 423 -1
e  23 546 -2
e  602 727 7
e  556 998 -2
e  91 275 0
e  344 395 8
e  171 461 2
e  721 740 9
e  664 958 -2
e  516 637 5
e  742 919 8
e  154 779 -1
e  414 536 2
e  270 941 8
e  525 812 4
e  170 366 -1
e  692 716 6
e  129 782 3
e  640 716 -4
e  331 591 8
e  97 707 2
e  440 664 -4
e  86 573 0
e  478 937 -1
e  679 793 2
e  106 110 8
e  116 740 -2
e  389 425 -2
e  104 364 -5
e  280 335 -4
e  57 922 1
e  395 989 9
e  421 442 3
e  487 552 6
e  110 677 3
e  643 776 -1
e  696 955 5
e  874 928 6
e  807 991 4
e  334 481 2
e  399 712 9
e  55 927 -1
e  665 955 6
e  185 291 5
e  49 837 10
e  62 992 8
e  95 118 -4
e  508 753 -5
e  761 898 -4
e  15 623 -1
e  58 207 5
e  624 755 -5
e  70 620 0
e  484 968 6
e  290 765 0
e  239 653 4
e  58 858 3
e  773 847 -1
e  99 114 9
e  817 953 -5
e  345 924 3
e  565 695 9
e  470 703 4
e  583 742 -2
e  218 738 7
e  379 390 -3
e  45 721 4
e  412 579 10
e  155 494 -3
e  130 302 3
e  71 201 -1
e  203 663 -2
e  320 366 5
e  453 729 4
e  347 747 0
e  188 386 5
e  55 817 1
e  342 666 -4
e  441 526 7
e  171 569 -4
e  400 553 -5
e  192 376 7
e  265 693 3
e  376 567 -2
e  171 590 5
e  254 268 -2
e  132 956 -3
e  219 509 -5
e  329 424 0
e  516 884 -5
e  127 645 0
e  250 305 4
e  173 680 -5
e  320 901 3
e  32 257 3
e  173 921 -4
e  539 789 -2
e  344 603 7
e  103 583 -5
e  295 446 -4
e  370 736 10
e  367 801 -5
e  444 922 1
e  436 954 -3
e  97 608 6
e  447 564 -2
e  129 968 9
e  373 747 2
e  171 338 7
e  106 925 10
e  350 424 -5
e  646 828 10
e  774 921 5
e  770 926 10
e  457 716 -2
e  469 918 8
e  615 925 8
e  123 608 10
e  173 502 -3
e  138 247 -2
e  11 773 -1
e  155 201 3
e  289 549 9
e  84 776 9
e  198 827 6
e  176 696 9
e  250 301 7
e  495 545 1
e  123 249 5
e  33 884 -5
e  270 555 -1
e  43 695 6
e  797 931 0
e  14 856 2
e  160 820 7
e  459 682 10
e  756 844 5
e  234 484 -3
e  158 783 10
e  497 675 2
e  149 281 -2
e  309 319 -2
e  199 539 0
e  191 353 2
e  72 589 4
e  266 770 10
e  371 879 2
e  645 873 5
e  636 832 10
e  347 459 -4
e  292 416 2
e  80 563 -2
e  337 958 2
e  182 578 9
e  358 560 -4
e  181 353 -2
e  96 322 6
e  540 745 -4
e  305 540 1
