c Minimum Spanning Tree
c
c nodes:  500 ; arcs:  4000 ; cost range:  -5 - 10
c
p mst  500 4000
e  0 1 -1
e  1 2 2
e  1 3 1
e  1 4 -4
e  1 5 -3
e  2 6 -5
e  2 7 0
e  1 8 8
e  0 9 -5
e  3 10 10
e  7 11 -4
e  7 12 2
e  10 13 8
e  12 14 10
e  10 15 -5
e  1 16 10
e  3 17 0
e  10 18 1
e  6 19 -1
e  5 20 7
e  2 21 6
e  21 22 -2
e  12 23 3
e  2 24 0
e  23 25 6
e  23 26 -1
e  5 27 7
e  4 28 8
e  23 29 -3
e  25 30 7
e  0 31 10
e  26 32 -5
e  29 33 -4
e  4 34 -5
e  2 35 -3
e  3 36 4
e  17 37 9
e  15 38 4
e  29 39 -5
e  4 40 7
e  33 41 10
e  2 42 1
e  8 43 9
e  15 44 0
e  42 45 1
e  30 46 1
e  26 47 0
e  0 48 4
e  29 49 6
e  1 50 10
e  20 51 2
e  49 52 -1
e  46 53 -4
e  49 54 -5
e  6 55 -3
e  17 56 7
e  17 57 -1
e  32 58 4
e  18 59 -5
e  15 60 -5
e  50 61 7
e  5 62 1
e  13 63 4
e  54 64 2
e  28 65 7
e  43 66 6
e  16 67 -5
e  22 68 8
e  62 69 10
e  47 70 5
e  0 71 8
e  55 72 0
e  57 73 3
e  15 74 7
e  56 75 4
e  44 76 8
e  46 77 -1
e  48 78 7
e  78 79 -5
e  8 80 -4
e  74 81 -1
e  52 82 6
e  10 83 2
e  81 84 9
e  42 85 -3
e  41 86 8
e  18 87 3
e  28 88 4
e  61 89 0
e  6 90 10
e  88 91 2
e  15 92 -4
e  1 93 -2
e  93 94 2
e  45 95 -4
e  57 96 8
e  63 97 2
e  18 98 9
e  56 99 0
e  49 100 6
e  55 101 6
e  88 102 10
e  83 103 0
e  20 104 -4
e  78 105 -5
e  10 106 6
e  45 107 -2
e  103 108 -2
e  22 109 7
e  33 110 -3
e  17 111 10
e  107 112 2
e  34 113 -3
e  37 114 -3
e  11 115 5
e  109 116 9
e  61 117 -2
e  114 118 4
e  28 119 4
e  1 120 8
e  35 121 4
e  78 122 -2
e  19 123 9
e  49 124 9
e  111 125 3
e  23 126 2
e  100 127 6
e  41 128 10
e  56 129 6
e  57 130 2
e  51 131 9
e  28 132 8
e  86 133 -4
e  30 134 6
e  123 135 -1
e  132 136 0
e  107 137 5
e  74 138 9
e  126 139 -2
e  48 140 4
e  48 141 8
e  117 142 9
e  131 143 1
e  94 144 4
e  94 145 3
e  37 146 1
e  98 147 5
e  12 148 -5
e  144 149 -5
e  88 150 -4
e  49 151 1
e  140 152 5
e  106 153 8
e  77 154 7
e  111 155 10
e  57 156 -1
e  76 157 2
e  155 158 -1
e  43 159 4
e  76 160 5
e  24 161 6
e  47 162 -2
e  113 163 -1
e  135 164 -4
e  116 165 1
e  95 166 -5
e  129 167 -4
e  142 168 -4
e  21 169 8
e  73 170 6
e  95 171 4
e  149 172 6
e  140 173 -1
e  2 174 6
e  100 175 6
e  130 176 5
e  71 177 -1
e  112 178 -2
e  139 179 -4
e  175 180 10
e  15 181 -1
e  124 182 2
e  35 183 4
e  1 184 10
e  108 185 9
e  127 186 5
e  105 187 1
e  132 188 -4
e  116 189 2
e  23 190 0
e  178 191 4
e  125 192 9
e  135 193 -3
e  58 194 6
e  173 195 -5
e  34 196 -2
e  181 197 8
e  43 198 -4
e  56 199 -5
e  17 200 -1
e  187 201 2
e  66 202 6
e  63 203 9
e  132 204 7
e  177 205 6
e  77 206 0
e  148 207 5
e  170 208 5
e  112 209 3
e  187 210 4
e  68 211 5
e  115 212 -4
e  64 213 -2
e  88 214 -2
e  66 215 0
e  52 216 9
e  99 217 3
e  153 218 8
e  96 219 -4
e  69 220 3
e  166 221 10
e  44 222 8
e  216 223 6
e  190 224 -1
e  95 225 9
e  165 226 -4
e  4 227 7
e  52 228 -2
e  19 229 3
e  220 230 8
e  36 231 0
e  231 232 4
e  121 233 4
e  162 234 9
e  210 235 1
e  196 236 0
e  114 237 -5
e  74 238 0
e  36 239 7
e  202 240 -3
e  149 241 4
e  3 242 6
e  77 243 7
e  76 244 9
e  211 245 -2
e  97 246 6
e  6 247 8
e  173 248 7
e  229 249 -1
e  84 250 6
e  229 251 -5
e  238 252 -5
e  138 253 -5
e  94 254 0
e  215 255 -1
e  226 256 -3
e  76 257 -2
e  142 258 2
e  104 259 8
e  69 260 -3
e  175 261 9
e  56 262 -3
e  89 263 -3
e  153 264 1
e  163 265 -2
e  135 266 3
e  1 267 0
e  250 268 10
e  40 269 5
e  267 270 5
e  98 271 9
e  121 272 10
e  30 273 -3
e  138 274 5
e  241 275 -3
e  11 276 -3
e  85 277 2
e  199 278 -5
e  246 279 0
e  9 280 -4
e  172 281 7
e  263 282 4
e  28 283 -5
e  117 284 -4
e  172 285 -3
e  40 286 4
e  228 287 10
e  255 288 0
e  90 289 9
e  205 290 7
e  34 291 4
e  265 292 -2
e  230 293 -5
e  169 294 6
e  121 295 6
e  122 296 7
e  137 297 8
e  265 298 -2
e  269 299 9
e  176 300 -2
e  121 301 5
e  148 302 2
e  291 303 7
e  3 304 1
e  304 305 7
e  53 306 9
e  298 307 -4
e  249 308 6
e  152 309 9
e  12 310 4
e  191 311 5
e  15 312 -1
e  44 313 -1
e  109 314 -1
e  219 315 7
e  270 316 10
e  291 317 7
e  156 318 -5
e  13 319 4
e  176 320 7
e  173 321 9
e  1 322 8
e  276 323 -4
e  186 324 3
e  7 325 -2
e  82 326 7
e  319 327 -4
e  7 328 9
e  197 329 1
e  109 330 0
e  192 331 -1
e  6 332 6
e  230 333 2
e  94 334 10
e  217 335 5
e  171 336 3
e  334 337 -4
e  159 338 -5
e  134 339 2
e  19 340 3
e  331 341 -2
e  176 342 1
e  96 343 1
e  235 344 -5
e  125 345 3
e  172 346 3
e  10 347 9
e  312 348 6
e  266 349 4
e  34 350 3
e  77 351 3
e  257 352 0
e  335 353 6
e  50 354 0
e  152 355 9
e  161 356 -2
e  68 357 4
e  291 358 5
e  208 359 -4
e  74 360 0
e  209 361 7
e  112 362 9
e  222 363 3
e  50 364 4
e  123 365 3
e  335 366 1
e  6 367 7
e  275 368 2
e  313 369 -5
e  164 370 10
e  265 371 4
e  177 372 9
e  239 373 8
e  346 374 -1
e  184 375 1
e  293 376 -4
e  356 377 6
e  71 378 0
e  86 379 5
e  77 380 -1
e  47 381 -5
e  201 382 7
e  269 383 1
e  377 384 8
e  283 385 -1
e  148 386 -1
e  115 387 2
e  80 388 8
e  46 389 3
e  289 390 2
e  71 391 -2
e  19 392 10
e  306 393 7
e  179 394 -5
e  340 395 -4
e  188 396 10
e  144 397 -2
e  386 398 5
e  178 399 -2
e  61 400 6
e  200 401 -1
e  207 402 7
e  32 403 7
e  67 404 6
e  9 405 2
e  153 406 1
e  71 407 -4
e  116 408 5
e  70 409 8
e  139 410 9
e  107 411 6
e  89 412 -1
e  20 413 10
e  365 414 5
e  245 415 9
e  113 416 1
e  13 417 -1
e  195 418 -3
e  120 419 -2
e  157 420 7
e  30 421 1
e  270 422 5
e  379 423 -1
e  175 424 8
e  366 425 7
e  80 426 7
e  187 427 5
e  65 428 -4
e  419 429 6
e  109 430 1
e  155 431 1
e  253 432 1
e  28 433 -5
e  222 434 -1
e  243 435 5
e  260 436 7
e  287 437 0
e  236 438 7
e  299 439 10
e  366 440 6
e  435 441 10
e  261 442 9
e  126 443 -3
e  38 444 5
e  311 445 10
e  64 446 5
e  307 447 9
e  91 448 1
e  160 449 -5
e  97 450 5
e  270 451 -1
e  427 452 8
e  259 453 10
e  9 454 4
e  116 455 -4
e  351 456 -2
e  136 457 7
e  398 458 1
e  98 459 2
e  272 460 6
e  78 461 7
e  61 462 2
e  327 463 -2
e  335 464 -1
e  33 465 -4
e  48 466 10
e  340 467 -1
e  312 468 -2
e  22 469 10
e  182 470 8
e  346 471 0
e  187 472 3
e  391 473 10
e  86 474 9
e  257 475 5
e  109 476 7
e  475 477 -1
e  379 478 7
e  312 479 -2
e  201 480 4
e  299 481 -3
e  251 482 6
e  249 483 6
e  113 484 -2
e  363 485 7
e  98 486 0
e  33 487 6
e  454 488 6
e  9 489 6
e  27 490 3
e  408 491 0
e  469 492 -5
e  424 493 3
e  149 494 2
e  78 495 5
e  170 496 2
e  52 497 -2
e  402 498 7
e  487 499 3
e  78 378 5
e  46 382 0
e  283 490 0
e  195 443 -1
e  354 496 -5
e  186 281 -1
e  133 347 -3
e  286 488 1
e  97 209 10
e  89 217 -5
e  273 475 6
e  274 294 6
e  74 384 1
e  259 347 -1
e  16 228 0
e  145 198 2
e  102 326 -4
e  167 196 -3
e  9 239 8
e  327 490 -5
e  39 131 4
e  469 479 -2
e  92 202 1
e  336 348 4
e  32 194 1
e  232 261 5
e  284 351 4
e  26 298 -2
e  20 245 1
e  366 464 9
e  38 429 -1
e  179 339 8
e  211 303 2
e  125 468 5
e  71 475 -2
e  115 190 9
e  16 24 -4
e  299 349 10
e  299 310 6
e  119 134 2
e  335 457 -4
e  144 491 -1
e  32 160 8
e  220 300 1
e  156 445 1
e  391 413 6
e  34 491 2
e  22 103 5
e  273 410 6
e  160 495 4
e  14 444 -1
e  11 71 7
e  136 417 -1
e  135 427 -2
e  225 367 6
e  106 194 -5
e  149 462 6
e  66 113 -3
e  150 419 -3
e  48 308 -5
e  28 266 8
e  61 469 -4
e  364 455 -5
e  30 268 8
e  171 361 3
e  134 204 -3
e  158 482 6
e  245 319 0
e  36 166 -3
e  124 261 8
e  284 423 -3
e  207 262 5
e  288 377 -5
e  64 264 7
e  114 419 -5
e  110 277 3
e  275 489 -3
e  210 220 3
e  173 320 7
e  270 459 -3
e  13 414 4
e  163 368 -3
e  64 78 4
e  73 156 -2
e  277 429 5
e  61 150 6
e  116 442 -2
e  111 269 2
e  35 279 5
e  301 353 8
e  22 26 1
e  68 388 1
e  71 201 -4
e  195 297 8
e  362 450 -3
e  148 186 2
e  32 70 5
e  38 255 8
e  11 369 -2
e  240 447 -3
e  124 361 10
e  62 364 -2
e  201 483 -4
e  89 480 2
e  70 169 1
e  75 484 8
e  36 368 3
e  143 297 9
e  146 489 2
e  219 407 -2
e  27 52 7
e  49 472 7
e  29 483 4
e  203 429 -5
e  63 77 5
e  237 356 2
e  27 109 2
e  53 271 10
e  359 363 2
e  15 31 5
e  201 298 8
e  254 298 8
e  58 372 4
e  197 431 7
e  45 238 -2
e  23 30 10
e  254 261 6
e  19 57 -1
e  144 301 5
e  436 480 2
e  231 239 0
e  106 254 3
e  4 99 1
e  351 404 -5
e  21 262 3
e  236 496 0
e  450 480 -1
e  247 342 -5
e  268 417 2
e  243 490 7
e  176 289 9
e  41 272 10
e  93 128 -1
e  475 480 3
e  3 342 0
e  392 490 -1
e  204 311 8
e  97 199 5
e  186 374 -2
e  98 307 3
e  75 344 -2
e  182 211 0
e  91 403 -2
e  143 214 3
e  138 399 9
e  238 491 4
e  98 266 1
e  154 381 0
e  417 426 -5
e  394 498 1
e  258 271 -1
e  138 300 7
e  171 462 -1
e  102 477 10
e  101 273 -1
e  182 386 7
e  8 267 -4
e  221 349 10
e  304 479 -1
e  5 170 10
e  465 473 1
e  29 292 -1
e  350 432 -3
e  167 433 6
e  3 411 -4
e  121 410 6
e  97 212 8
e  56 478 8
e  22 212 -5
e  256 329 9
e  236 317 -5
e  226 473 6
e  110 448 10
e  186 276 1
e  189 380 9
e  204 313 -2
e  6 268 6
e  273 383 9
e  436 493 7
e  71 176 10
e  22 373 -4
e  392 443 -3
e  235 479 -2
e  103 296 0
e  275 345 -5
e  56 100 3
e  169 488 -5
e  3 451 1
e  128 422 10
e  19 32 5
e  43 483 1
e  51 289 8
e  68 205 7
e  22 199 -3
e  20 451 2
e  45 161 7
e  177 332 -5
e  344 424 1
e  109 431 10
e  381 485 -1
e  355 428 7
e  77 461 -3
e  171 449 6
e  382 432 5
e  216 423 -4
e  266 422 9
e  61 211 2
e  24 302 -2
e  314 339 1
e  277 382 5
e  93 495 2
e  159 184 2
e  31 116 -5
e  86 495 8
e  38 212 -3
e  103 251 -3
e  274 466 5
e  74 269 6
e  339 368 9
e  276 450 -1
e  92 407 7
e  156 159 -5
e  38 402 2
e  32 185 -3
e  258 335 -4
e  79 267 5
e  124 292 3
e  357 445 0
e  16 165 -2
e  247 379 4
e  132 156 1
e  15 467 10
e  417 477 -4
e  28 376 -1
e  70 163 1
e  215 412 8
e  250 437 1
e  34 258 10
e  150 460 7
e  27 460 10
e  108 178 8
e  78 266 -1
e  81 123 -2
e  173 326 5
e  68 207 0
e  79 375 -2
e  245 247 -5
e  273 423 8
e  240 266 2
e  10 260 4
e  268 396 -5
e  168 247 -5
e  235 318 2
e  62 461 -4
e  15 293 3
e  402 430 -3
e  234 406 8
e  152 246 4
e  84 241 -4
e  100 200 -3
e  174 286 8
e  225 238 2
e  22 278 3
e  142 455 3
e  416 452 -2
e  35 436 -5
e  243 447 2
e  0 196 2
e  159 451 -5
e  326 415 5
e  7 431 -4
e  89 205 10
e  46 146 -3
e  348 387 3
e  162 227 -3
e  201 455 1
e  75 314 0
e  198 377 -4
e  70 180 5
e  194 467 9
e  219 394 1
e  90 458 -5
e  165 208 5
e  106 184 -5
e  22 107 3
e  399 450 9
e  222 480 9
e  144 431 1
e  25 109 1
e  65 88 -3
e  215 311 1
e  232 352 -1
e  197 377 6
e  180 418 7
e  32 174 6
e  299 472 3
e  65 286 -1
e  281 425 4
e  13 457 2
e  38 399 9
e  298 495 10
e  29 140 -4
e  24 406 6
e  107 230 2
e  353 371 8
e  7 200 4
e  135 142 7
e  304 490 3
e  332 433 -3
e  171 376 1
e  29 337 -4
e  216 348 0
e  221 397 5
e  319 339 -5
e  5 300 7
e  45 65 9
e  50 493 -5
e  98 231 4
e  20 62 -2
e  240 372 8
e  16 357 10
e  129 131 9
e  88 103 2
e  150 447 10
e  81 147 6
e  296 352 1
e  341 483 8
e  80 275 -1
e  27 305 -3
e  21 294 -2
e  294 442 3
e  55 362 6
e  218 231 9
e  51 86 -3
e  206 210 9
e  167 456 0
e  361 491 10
e  62 384 -5
e  189 482 -1
e  268 298 10
e  125 250 0
e  9 412 -2
e  153 344 6
e  87 488 -5
e  366 478 4
e  119 437 10
e  176 326 2
e  334 436 -2
e  23 396 -1
e  236 485 6
e  51 436 3
e  202 243 -1
e  270 385 -2
e  486 495 -5
e  50 270 8
e  393 474 1
e  4 493 -4
e  7 300 -5
e  208 254 6
e  327 478 9
e  302 380 7
e  34 398 -4
e  85 122 -2
e  79 96 -2
e  165 194 10
e  117 432 3
e  13 401 -5
e  385 389 1
e  210 492 -5
e  2 136 3
e  112 259 5
e  85 221 -4
e  229 498 -3
e  32 280 9
e  19 104 9
e  246 354 1
e  44 360 9
e  278 365 0
e  144 230 10
e  17 267 -2
e  20 175 5
e  287 393 -3
e  29 432 3
e  95 230 4
e  86 441 -1
e  8 229 -5
e  129 312 -4
e  259 394 9
e  176 209 1
e  158 198 5
e  224 228 -5
e  124 162 -3
e  200 287 8
e  155 251 1
e  72 342 8
e  18 432 -4
e  125 140 0
e  146 494 -1
e  43 356 -1
e  92 281 1
e  12 359 -5
e  187 439 -2
e  246 436 -4
e  324 470 -3
e  3 436 0
e  27 373 2
e  67 428 -1
e  334 388 2
e  364 460 -2
e  372 422 6
e  364 440 6
e  91 339 -5
e  36 410 0
e  80 230 -3
e  284 499 -3
e  369 475 -1
e  440 474 9
e  261 290 0
e  53 497 -1
e  226 308 3
e  92 186 -5
e  81 341 6
e  72 317 3
e  0 395 5
e  130 401 8
e  253 442 7
e  311 456 -2
e  31 112 -4
e  86 252 8
e  165 292 8
e  192 430 7
e  178 233 -2
e  353 376 9
e  428 486 3
e  72 249 -3
e  333 419 1
e  118 154 6
e  57 315 0
e  271 301 6
e  19 475 0
e  206 228 6
e  77 363 8
e  427 471 -2
e  199 249 10
e  382 491 10
e  123 466 8
e  169 302 6
e  204 485 -1
e  250 320 0
e  88 105 -5
e  267 424 4
e  22 99 6
e  48 184 0
e  200 246 6
e  333 472 7
e  56 192 9
e  211 494 5
e  11 47 9
e  343 363 -4
e  70 95 6
e  23 382 -2
e  327 483 7
e  30 166 9
e  352 473 3
e  12 415 -2
e  46 246 -4
e  283 488 -3
e  209 385 8
e  141 450 10
e  368 423 5
e  396 423 3
e  27 295 -3
e  245 382 0
e  108 210 9
e  0 75 2
e  430 449 0
e  188 314 6
e  13 366 2
e  48 219 -5
e  241 473 1
e  338 491 2
e  57 393 1
e  42 445 -5
e  61 450 -5
e  176 494 5
e  367 487 1
e  40 401 4
e  262 476 -4
e  367 469 0
e  261 484 8
e  238 375 5
e  309 472 -1
e  42 163 6
e  31 63 -5
e  2 167 2
e  23 266 -1
e  17 113 10
e  228 448 -1
e  202 237 5
e  253 379 3
e  423 485 -4
e  150 342 -2
e  93 277 -4
e  22 57 -5
e  295 392 2
e  339 397 7
e  333 447 -1
e  6 43 9
e  168 415 0
e  126 171 10
e  27 149 -3
e  65 252 8
e  273 309 -2
e  86 407 -1
e  41 203 1
e  279 384 1
e  142 401 6
e  282 403 2
e  45 271 -2
e  285 302 9
e  23 186 0
e  238 333 -3
e  270 348 -1
e  35 261 -5
e  8 273 6
e  8 37 -1
e  198 228 10
e  74 77 8
e  103 151 -5
e  207 478 2
e  464 484 0
e  234 403 6
e  6 457 7
e  89 351 10
e  192 282 4
e  289 344 7
e  71 130 2
e  84 339 -4
e  419 440 3
e  103 334 7
e  64 284 9
e  378 436 10
e  122 383 2
e  203 241 -4
e  397 446 -4
e  270 492 8
e  199 300 -3
e  348 456 -2
e  246 259 1
e  174 455 -3
e  179 216 0
e  7 249 4
e  164 260 -1
e  5 442 7
e  88 468 -1
e  167 453 -5
e  47 435 -3
e  185 304 0
e  52 283 4
e  213 346 9
e  291 462 0
e  40 48 2
e  82 219 8
e  118 343 8
e  218 303 4
e  61 84 -3
e  210 342 2
e  245 493 6
e  307 486 1
e  363 476 -2
e  331 379 4
e  186 204 -3
e  304 475 -4
e  126 461 2
e  10 438 3
e  84 259 -5
e  265 284 4
e  56 361 -4
e  353 441 9
e  335 341 2
e  166 303 3
e  188 354 9
e  1 21 7
e  66 379 8
e  35 50 9
e  90 206 -3
e  373 444 -5
e  266 441 -3
e  111 463 -1
e  285 495 4
e  95 346 -3
e  17 484 -1
e  64 407 -4
e  279 462 10
e  339 448 5
e  254 339 -4
e  148 493 -2
e  146 467 4
e  135 390 3
e  44 218 -5
e  334 423 6
e  101 375 1
e  21 57 -5
e  199 203 8
e  309 315 3
e  292 424 -5
e  240 474 2
e  342 464 -4
e  216 282 -4
e  273 424 -2
e  240 370 -1
e  232 252 3
e  49 222 4
e  23 417 6
e  60 475 4
e  115 119 -1
e  20 426 -3
e  307 329 4
e  146 204 5
e  357 447 8
e  21 184 -3
e  133 475 10
e  88 387 -5
e  83 467 -1
e  71 238 9
e  130 184 1
e  77 180 6
e  81 91 -1
e  258 355 6
e  156 195 9
e  350 381 3
e  290 331 7
e  25 276 10
e  232 435 0
e  109 249 9
e  77 495 -4
e  67 134 -3
e  51 226 7
e  337 380 0
e  294 475 -5
e  182 382 -3
e  76 360 8
e  236 251 9
e  282 305 6
e  257 365 -1
e  28 92 7
e  163 306 8
e  90 271 8
e  25 111 -1
e  25 429 7
e  163 276 -5
e  130 353 -3
e  130 206 -5
e  102 306 1
e  3 47 -1
e  136 282 -4
e  21 273 6
e  264 497 4
e  107 494 -4
e  103 273 -2
e  362 392 2
e  51 272 -2
e  113 366 6
e  44 299 -1
e  66 129 4
e  147 233 10
e  238 244 3
e  85 353 5
e  327 442 7
e  319 391 -1
e  390 489 3
e  111 348 2
e  187 344 -3
e  114 227 9
e  292 329 9
e  348 463 9
e  73 191 0
e  22 173 -1
e  33 155 -5
e  64 261 7
e  335 339 7
e  87 244 3
e  185 203 -1
e  134 450 5
e  50 401 5
e  279 332 10
e  81 300 -2
e  154 477 -2
e  233 264 9
e  203 221 5
e  189 268 7
e  182 407 9
e  51 124 3
e  13 275 1
e  21 174 7
e  4 413 -3
e  98 336 -2
e  30 473 3
e  129 232 -1
e  3 86 10
e  31 299 0
e  207 312 4
e  253 428 -4
e  356 457 -2
e  453 456 8
e  144 442 8
e  18 270 8
e  28 62 1
e  330 462 -2
e  112 422 0
e  360 397 8
e  268 488 -3
e  324 327 3
e  57 317 10
e  51 254 1
e  9 264 1
e  13 31 10
e  116 432 0
e  6 75 0
e  384 453 -5
e  70 289 6
e  295 488 7
e  308 375 4
e  28 263 7
e  122 172 -1
e  36 256 10
e  215 291 10
e  46 114 2
e  3 480 -4
e  405 425 6
e  98 127 3
e  14 369 -2
e  395 498 9
e  240 324 5
e  218 258 6
e  52 395 9
e  202 384 4
e  156 395 4
e  69 153 8
e  155 323 -4
e  350 434 8
e  108 133 0
e  145 190 3
e  255 348 5
e  119 143 -2
e  252 436 10
e  60 304 -3
e  29 484 3
e  330 419 0
e  15 490 -5
e  260 388 4
e  90 329 -3
e  32 127 -1
e  373 457 9
e  78 118 -4
e  107 167 0
e  8 448 2
e  396 466 -4
e  90 350 2
e  346 427 5
e  275 497 -3
e  143 282 -3
e  350 382 2
e  233 448 1
e  361 440 0
e  207 248 6
e  198 292 1
e  199 466 -3
e  31 411 9
e  34 209 0
e  68 119 8
e  80 410 5
e  60 467 4
e  309 447 -3
e  326 334 8
e  18 147 8
e  20 174 -2
e  33 156 0
e  59 133 1
e  168 473 1
e  363 493 2
e  109 239 -4
e  218 483 -3
e  27 137 4
e  441 488 -2
e  3 484 4
e  2 177 0
e  85 184 -5
e  419 434 -4
e  359 486 6
e  329 383 2
e  248 473 0
e  27 180 7
e  67 91 5
e  20 348 9
e  201 353 8
e  250 328 10
e  197 210 -4
e  109 245 -4
e  284 352 0
e  335 397 4
e  25 194 -2
e  287 339 9
e  305 434 4
e  314 410 -1
e  173 323 8
e  176 270 -5
e  416 487 5
e  76 308 -2
e  21 321 -2
e  50 331 6
e  246 441 3
e  239 386 9
e  152 400 -5
e  202 212 9
e  88 252 -2
e  297 356 -5
e  340 451 -2
e  38 282 -5
e  80 425 1
e  242 474 0
e  71 160 3
e  175 423 1
e  220 320 2
e  110 334 2
e  91 247 4
e  201 368 -2
e  454 465 -3
e  34 473 5
e  136 260 2
e  237 461 -1
e  327 450 10
e  106 396 -3
e  210 304 -4
e  26 438 6
e  124 330 6
e  90 428 9
e  483 492 3
e  65 347 5
e  170 221 0
e  21 475 1
e  300 480 9
e  178 486 3
e  340 366 7
e  9 286 8
e  236 299 -2
e  70 369 7
e  232 476 6
e  12 311 4
e  200 210 -1
e  356 398 2
e  204 338 8
e  62 88 5
e  77 458 -5
e  95 440 4
e  91 302 -5
e  271 459 4
e  200 273 10
e  108 401 -4
e  101 413 -1
e  87 431 3
e  153 416 0
e  118 460 3
e  31 416 4
e  264 373 10
e  327 457 -5
e  271 402 -4
e  226 407 5
e  203 358 6
e  175 457 3
e  269 357 9
e  473 477 3
e  264 458 10
e  324 487 9
e  118 347 0
e  259 462 10
e  2 282 4
e  270 437 4
e  216 308 9
e  75 205 -5
e  119 186 10
e  302 441 7
e  135 372 7
e  82 349 -2
e  33 446 2
e  427 454 3
e  158 295 10
e  189 245 -4
e  316 391 1
e  109 305 -5
e  130 349 -2
e  423 486 6
e  82 452 7
e  20 412 4
e  109 343 2
e  126 398 6
e  119 428 10
e  98 113 6
e  238 401 1
e  2 184 5
e  79 89 10
e  289 411 7
e  147 195 2
e  1 62 0
e  141 174 1
e  180 489 -2
e  84 271 7
e  26 360 -3
e  277 433 -4
e  238 266 -4
e  276 414 9
e  286 476 7
e  181 312 -2
e  173 230 8
e  22 165 9
e  67 169 6
e  24 432 1
e  343 436 6
e  309 367 3
e  130 376 8
e  79 168 2
e  195 324 -5
e  72 217 -2
e  465 493 -5
e  45 218 -5
e  90 416 -2
e  244 307 3
e  159 493 4
e  38 468 0
e  332 483 9
e  241 248 10
e  382 443 9
e  269 320 -3
e  198 355 9
e  386 461 8
e  39 377 -1
e  112 319 -5
e  106 426 0
e  9 148 1
e  403 407 -4
e  50 386 7
e  208 343 -1
e  334 482 -1
e  107 398 10
e  251 347 9
e  46 463 1
e  85 435 7
e  25 293 3
e  202 376 -2
e  108 310 4
e  288 322 1
e  58 405 0
e  43 377 8
e  215 471 10
e  75 176 4
e  10 82 -5
e  255 314 4
e  56 472 -2
e  363 369 6
e  60 471 7
e  307 390 1
e  87 342 7
e  283 461 5
e  185 466 2
e  174 241 -4
e  460 492 -1
e  405 442 4
e  61 461 5
e  50 391 6
e  69 110 0
e  268 465 -2
e  109 132 -5
e  363 396 3
e  149 435 7
e  60 441 -4
e  334 488 -2
e  5 31 6
e  26 385 -4
e  343 371 -2
e  308 480 7
e  27 92 7
e  20 307 -4
e  211 355 5
e  314 448 -2
e  109 422 -3
e  196 406 -3
e  105 262 5
e  68 224 -5
e  110 417 3
e  89 455 0
e  7 333 10
e  209 380 4
e  329 456 -3
e  251 385 6
e  232 333 4
e  139 373 9
e  53 435 0
e  109 335 -5
e  412 439 2
e  55 71 -1
e  205 262 7
e  16 96 -4
e  139 427 0
e  361 385 1
e  282 296 7
e  41 240 1
e  80 231 -1
e  295 498 4
e  99 223 2
e  0 140 -5
e  176 245 9
e  289 444 9
e  232 272 2
e  111 296 3
e  68 442 6
e  91 295 3
e  168 380 2
e  106 441 0
e  38 59 8
e  113 146 3
e  347 462 -1
e  222 312 -1
e  385 425 2
e  155 365 -5
e  190 328 4
e  277 352 -3
e  145 463 2
e  391 419 2
e  106 470 8
e  116 138 5
e  52 74 9
e  146 267 9
e  84 408 10
e  226 234 1
e  148 448 4
e  279 430 8
e  82 253 -1
e  106 476 4
e  184 393 7
e  469 486 -4
e  297 379 1
e  315 325 6
e  116 382 6
e  190 443 -2
e  102 323 -5
e  44 252 -2
e  227 353 8
e  203 305 4
e  41 346 1
e  70 334 7
e  282 334 3
e  304 312 4
e  95 139 6
e  137 235 5
e  294 307 7
e  33 100 -3
e  136 366 -4
e  291 309 5
e  9 197 -1
e  248 428 3
e  44 343 5
e  294 406 1
e  78 423 -4
e  50 349 8
e  173 266 1
e  258 315 5
e  202 402 -3
e  233 331 5
e  38 215 8
e  97 347 2
e  408 487 7
e  324 388 9
e  242 396 4
e  16 245 3
e  11 69 -3
e  75 472 4
e  253 498 -4
e  203 313 -1
e  353 471 -1
e  67 192 9
e  301 380 4
e  176 322 -4
e  62 304 -5
e  269 284 -5
e  321 403 2
e  50 361 4
e  65 78 6
e  220 423 5
e  152 328 4
e  329 437 6
e  72 393 5
e  234 364 6
e  196 334 0
e  188 256 8
e  383 480 0
e  216 396 8
e  166 247 9
e  52 376 8
e  14 287 2
e  145 426 1
e  55 155 3
e  377 465 5
e  95 266 2
e  185 261 2
e  213 332 7
e  181 492 -3
e  74 449 -5
e  6 132 5
e  198 349 -2
e  52 348 3
e  321 425 9
e  4 138 7
e  6 17 7
e  359 407 3
e  2 298 8
e  56 209 3
e  11 45 8
e  193 344 3
e  212 441 1
e  460 480 4
e  269 355 6
e  89 172 3
e  301 427 -5
e  301 411 -2
e  389 440 7
e  115 149 8
e  187 378 9
e  257 466 -2
e  144 158 0
e  51 232 3
e  221 305 -1
e  103 134 0
e  52 277 4
e  24 341 8
e  271 473 3
e  307 386 3
e  28 251 1
e  237 280 2
e  321 390 7
e  310 332 1
e  167 232 5
e  249 474 10
e  330 487 9
e  85 206 -5
e  74 196 8
e  327 397 2
e  158 309 -2
e  288 328 -4
e  90 209 4
e  25 317 0
e  17 82 7
e  99 325 4
e  193 333 -4
e  398 411 9
e  147 348 1
e  346 400 9
e  215 374 9
e  164 385 -4
e  294 351 1
e  335 416 -1
e  80 497 2
e  92 297 4
e  356 451 8
e  71 413 -5
e  358 397 1
e  372 385 1
e  137 176 -4
e  41 108 0
e  258 416 5
e  181 438 4
e  376 493 -4
e  85 379 4
e  144 452 -4
e  376 476 9
e  8 495 5
e  51 250 6
e  173 316 0
e  97 323 1
e  107 154 -2
e  276 429 -4
e  140 407 4
e  26 81 8
e  6 410 -4
e  32 376 4
e  302 354 9
e  311 467 -4
e  196 401 -5
e  104 368 6
e  257 316 6
e  160 240 9
e  429 465 -4
e  67 374 9
e  142 237 7
e  35 453 0
e  73 310 5
e  408 409 7
e  157 198 0
e  2 125 -2
e  238 274 4
e  292 462 9
e  165 473 4
e  59 298 -4
e  18 463 10
e  200 288 -4
e  298 409 7
e  183 292 -3
e  172 212 5
e  349 440 3
e  272 286 4
e  198 481 -3
e  77 230 0
e  8 361 6
e  169 435 -1
e  28 418 -3
e  167 404 6
e  190 337 7
e  70 445 4
e  28 402 -4
e  9 374 8
e  244 272 -4
e  150 196 2
e  145 433 -3
e  272 353 5
e  417 424 -2
e  296 306 6
e  464 499 9
e  36 339 2
e  259 323 -2
e  125 328 -4
e  343 454 9
e  261 479 4
e  183 224 -3
e  104 217 -2
e  208 453 -5
e  298 418 -1
e  279 463 5
e  461 467 1
e  68 180 -1
e  60 482 1
e  109 207 3
e  344 394 -5
e  36 360 7
e  45 171 3
e  282 461 -2
e  8 458 -3
e  59 159 6
e  246 444 1
e  62 344 -4
e  29 455 2
e  321 333 3
e  181 222 -1
e  212 363 1
e  357 382 0
e  247 292 5
e  274 383 1
e  171 309 5
e  160 186 10
e  104 248 3
e  10 135 3
e  351 426 2
e  411 489 7
e  224 468 -5
e  210 459 9
e  246 459 2
e  38 245 0
e  106 190 10
e  124 457 9
e  33 316 1
e  389 495 1
e  220 361 3
e  316 483 -4
e  83 347 8
e  44 85 3
e  31 445 6
e  224 461 0
e  71 251 -4
e  291 440 1
e  215 456 3
e  324 347 7
e  111 218 6
e  389 417 -4
e  80 202 0
e  384 415 10
e  162 406 7
e  286 497 -4
e  34 89 2
e  87 372 -1
e  91 188 0
e  108 329 3
e  265 321 9
e  8 174 -5
e  53 362 0
e  51 352 4
e  182 449 1
e  32 229 6
e  66 284 2
e  161 427 9
e  157 265 -3
e  328 458 -2
e  300 390 7
e  299 303 3
e  348 407 2
e  98 139 -3
e  24 265 -3
e  45 246 -5
e  59 80 -3
e  120 428 9
e  21 55 9
e  77 353 -2
e  68 275 -3
e  19 451 -5
e  82 146 6
e  107 192 4
e  263 373 4
e  396 475 -3
e  224 281 10
e  11 51 -5
e  161 251 7
e  249 470 9
e  28 318 -4
e  200 258 -4
e  45 303 -1
e  258 476 -5
e  28 229 0
e  173 203 3
e  169 317 -2
e  339 353 -5
e  1 105 -3
e  70 131 10
e  156 243 -1
e  219 428 10
e  16 99 -2
e  219 353 3
e  460 498 10
e  53 214 7
e  170 332 0
e  56 295 10
e  452 490 -4
e  22 317 8
e  61 237 4
e  226 239 1
e  19 127 4
e  33 135 -4
e  38 260 8
e  108 123 -2
e  83 126 8
e  4 282 -5
e  207 425 10
e  300 323 -5
e  125 436 1
e  425 490 0
e  17 339 0
e  183 347 -2
e  140 243 -3
e  435 461 -2
e  219 304 8
e  9 391 3
e  173 273 -3
e  124 251 5
e  150 167 0
e  34 234 3
e  161 268 -4
e  139 144 5
e  5 69 8
e  125 156 2
e  121 494 4
e  182 331 6
e  35 497 3
e  45 346 6
e  376 390 -5
e  87 218 1
e  433 472 7
e  48 172 10
e  271 451 6
e  50 387 -3
e  241 461 2
e  35 40 10
e  485 493 10
e  215 250 3
e  322 464 5
e  172 293 0
e  36 456 8
e  169 194 1
e  227 362 -1
e  122 322 -5
e  149 498 9
e  130 454 5
e  10 379 0
e  134 491 6
e  352 493 8
e  54 396 2
e  79 365 6
e  328 465 6
e  211 473 -2
e  14 405 1
e  353 385 9
e  22 128 1
e  262 285 9
e  246 303 -3
e  244 465 8
e  366 452 -5
e  53 409 3
e  54 495 9
e  237 467 9
e  222 288 8
e  333 481 9
e  34 435 8
e  338 381 8
e  27 317 -3
e  64 310 4
e  118 261 9
e  9 199 -1
e  206 423 5
e  183 465 9
e  71 88 5
e  234 317 3
e  70 361 -4
e  110 489 -5
e  130 452 9
e  411 425 -2
e  239 350 -5
e  67 414 -5
e  451 463 8
e  263 307 -3
e  379 425 0
e  134 317 -3
e  158 170 2
e  154 458 4
e  164 287 6
e  85 188 -1
e  106 460 2
e  228 440 4
e  180 359 0
e  125 234 -4
e  380 432 3
e  351 421 -5
e  89 346 -5
e  166 459 6
e  334 368 -3
e  126 474 4
e  123 243 -1
e  186 441 -2
e  438 477 1
e  130 175 7
e  65 99 -1
e  370 456 1
e  339 370 -5
e  166 496 2
e  204 339 6
e  238 396 -2
e  105 308 -5
e  253 422 1
e  57 497 4
e  309 419 9
e  172 454 8
e  64 93 5
e  211 442 1
e  76 213 7
e  74 379 1
e  291 384 3
e  233 484 6
e  182 344 -5
e  221 338 4
e  2 455 6
e  192 317 1
e  161 388 -5
e  78 482 -4
e  129 314 -2
e  106 117 7
e  182 212 -2
e  240 352 -1
e  128 486 3
e  60 165 7
e  115 403 6
e  13 140 -4
e  264 331 1
e  174 337 3
e  79 384 -5
e  322 451 5
e  329 441 -4
e  127 303 -3
e  385 495 4
e  242 250 0
e  251 283 6
e  273 456 9
e  103 415 6
e  215 418 3
e  39 365 4
e  115 234 10
e  207 382 -2
e  329 417 -2
e  129 387 -1
e  67 296 -4
e  296 423 8
e  237 443 8
e  39 448 5
e  124 425 -1
e  194 234 -5
e  419 453 5
e  4 453 -3
e  62 437 1
e  155 410 7
e  55 338 3
e  293 380 6
e  218 458 -1
e  265 445 -2
e  2 417 10
e  110 396 10
e  58 348 4
e  17 329 4
e  4 233 8
e  250 333 5
e  273 335 6
e  42 69 4
e  40 447 8
e  209 369 1
e  168 232 -1
e  140 259 -5
e  48 158 -3
e  89 367 8
e  132 256 8
e  93 375 2
e  233 419 2
e  294 356 -2
e  310 403 9
e  168 386 9
e  245 306 6
e  95 356 9
e  5 384 -2
e  84 147 10
e  59 312 9
e  188 365 4
e  129 209 5
e  39 276 1
e  350 405 5
e  391 431 -3
e  27 306 -4
e  319 390 -3
e  194 423 -2
e  109 494 5
e  295 463 10
e  190 320 -3
e  306 381 10
e  203 234 7
e  63 277 -2
e  307 441 -4
e  313 490 3
e  151 222 -4
e  137 436 -1
e  61 128 2
e  29 144 5
e  171 494 3
e  443 489 -2
e  170 187 -2
e  12 260 3
e  341 342 7
e  226 469 -5
e  241 417 -5
e  67 460 -4
e  154 187 10
e  166 203 5
e  226 438 7
e  234 315 4
e  184 481 -3
e  330 394 9
e  71 113 6
e  220 368 -3
e  317 470 10
e  63 218 -2
e  112 121 7
e  61 239 2
e  170 219 3
e  307 371 8
e  232 429 6
e  23 458 0
e  203 318 -5
e  221 369 -2
e  85 367 0
e  164 482 0
e  139 314 -5
e  363 408 10
e  37 42 8
e  89 385 -3
e  150 411 5
e  29 72 8
e  100 495 -3
e  107 446 -1
e  210 446 3
e  305 474 -4
e  109 423 -5
e  56 451 -1
e  258 371 5
e  483 497 -1
e  37 81 -4
e  236 480 7
e  66 376 7
e  351 399 10
e  197 359 3
e  7 63 -1
e  73 135 9
e  12 135 -4
e  249 341 10
e  44 493 5
e  31 381 -5
e  18 481 -3
e  272 402 -3
e  234 246 8
e  311 459 9
e  57 60 0
e  247 315 -1
e  100 144 0
e  33 244 0
e  148 242 -1
e  236 489 2
e  147 225 9
e  253 480 9
e  48 283 -3
e  77 226 3
e  261 494 6
e  454 459 3
e  373 462 5
e  32 188 0
e  110 486 -3
e  194 404 -5
e  293 427 -3
e  330 421 10
e  96 193 3
e  13 197 10
e  236 391 2
e  27 401 5
e  138 483 7
e  133 150 2
e  139 358 2
e  107 425 -5
e  262 313 5
e  12 220 0
e  313 410 0
e  59 444 -4
e  237 403 10
e  43 255 6
e  375 468 -3
e  14 473 4
e  249 307 7
e  50 324 4
e  57 132 -5
e  75 296 1
e  47 123 -2
e  123 306 7
e  420 455 -2
e  124 357 7
e  62 213 -5
e  306 407 7
e  100 101 2
e  115 361 -2
e  69 496 2
e  391 397 0
e  58 446 0
e  2 182 7
e  335 460 -1
e  226 376 -4
e  47 493 6
e  4 168 3
e  54 319 -5
e  3 180 2
e  17 260 6
e  242 258 4
e  255 475 3
e  200 452 9
e  37 467 -1
e  140 148 -5
e  54 196 8
e  397 452 -1
e  144 426 1
e  15 116 -4
e  101 304 0
e  198 453 3
e  105 173 8
e  18 157 8
e  205 382 9
e  281 357 -2
e  3 488 6
e  274 339 -2
e  86 198 2
e  110 124 6
e  193 296 -4
e  310 401 -5
e  408 433 9
e  287 322 7
e  215 395 7
e  57 408 3
e  298 483 4
e  149 189 -4
e  18 422 -4
e  334 496 -3
e  100 198 6
e  249 269 0
e  61 314 8
e  295 456 0
e  18 257 3
e  220 304 0
e  250 397 -3
e  358 391 4
e  69 445 2
e  319 328 9
e  63 73 0
e  139 382 -3
e  75 481 3
e  416 433 10
e  19 179 0
e  265 333 1
e  130 245 4
e  101 300 4
e  100 438 -4
e  308 437 -2
e  38 80 0
e  200 495 5
e  329 479 6
e  184 400 10
e  21 249 10
e  89 308 0
e  6 327 4
e  32 283 -5
e  13 409 9
e  272 458 1
e  53 358 5
e  376 427 6
e  347 495 -4
e  395 445 -3
e  7 161 8
e  115 303 2
e  377 467 9
e  402 441 3
e  212 407 -1
e  306 319 8
e  76 94 8
e  289 466 2
e  179 384 4
e  146 454 -3
e  289 354 -1
e  243 322 -4
e  26 212 4
e  185 258 7
e  165 399 8
e  96 294 0
e  153 470 8
e  290 396 2
e  30 404 6
e  8 465 -1
e  14 149 5
e  83 407 6
e  216 369 0
e  205 362 0
e  119 296 8
e  84 404 -3
e  175 188 2
e  111 361 0
e  205 475 2
e  96 251 5
e  239 424 5
e  444 496 5
e  58 135 10
e  151 406 -2
e  215 335 9
e  12 316 8
e  129 159 -2
e  56 256 1
e  27 174 9
e  21 406 -5
e  256 341 -4
e  353 401 3
e  327 410 10
e  233 439 2
e  220 466 3
e  406 450 1
e  43 470 7
e  276 396 1
e  100 163 -5
e  350 384 2
e  183 272 0
e  129 222 8
e  195 417 1
e  101 145 10
e  280 379 -4
e  185 336 8
e  64 104 3
e  97 217 0
e  2 290 6
e  2 337 0
e  244 310 10
e  82 255 6
e  104 357 7
e  52 327 5
e  102 362 3
e  404 409 2
e  253 382 -4
e  188 280 10
e  402 494 7
e  1 448 9
e  366 466 -1
e  166 241 6
e  370 422 -4
e  26 314 8
e  107 450 9
e  132 308 1
e  228 331 -2
e  9 445 5
e  308 474 5
e  58 466 6
e  239 366 -5
e  163 235 5
e  7 451 -2
e  101 476 10
e  379 426 5
e  47 491 -4
e  72 348 -1
e  335 446 2
e  14 423 2
e  134 217 3
e  405 446 0
e  145 450 -2
e  108 350 -4
e  75 147 3
e  126 477 4
e  54 363 0
e  309 480 8
e  77 136 -3
e  274 369 -5
e  40 260 4
e  43 314 10
e  234 424 -4
e  244 386 -5
e  1 301 -5
e  86 174 7
e  84 265 0
e  131 375 8
e  117 376 -2
e  91 373 -1
e  44 181 9
e  56 246 6
e  325 348 3
e  405 466 -2
e  24 141 -2
e  16 462 -1
e  0 132 -3
e  181 451 2
e  154 280 -2
e  270 297 7
e  135 230 -3
e  179 476 -3
e  143 248 1
e  369 381 -4
e  27 480 1
e  99 356 0
e  5 356 2
e  124 281 4
e  39 384 7
e  118 316 2
e  91 392 5
e  271 284 6
e  301 352 10
e  187 317 -3
e  389 454 1
e  12 335 3
e  28 429 -3
e  49 418 -2
e  64 320 -5
e  173 296 2
e  48 227 -3
e  161 315 5
e  159 484 -1
e  20 298 2
e  67 148 -2
e  290 423 10
e  17 434 1
e  198 215 7
e  269 381 -5
e  198 420 2
e  325 477 1
e  69 186 10
e  67 420 -1
e  96 142 5
e  138 183 3
e  307 335 1
e  301 390 -2
e  108 249 9
e  89 163 2
e  266 407 -3
e  23 330 8
e  207 210 5
e  102 354 4
e  5 313 4
e  389 437 10
e  265 404 10
e  125 159 2
e  369 481 -2
e  139 336 7
e  410 448 3
e  370 496 0
e  49 164 -3
e  314 445 -3
e  40 306 8
e  302 365 -3
e  119 447 -4
e  98 187 -5
e  197 201 -3
e  117 355 5
e  176 313 -1
e  124 254 7
e  128 249 -1
e  215 287 3
e  5 262 -3
e  104 367 3
e  293 446 8
e  81 344 -4
e  350 476 1
e  351 422 1
e  54 209 -3
e  70 159 -4
e  432 445 3
e  181 292 -4
e  176 458 1
e  6 488 -2
e  134 158 10
e  149 445 -5
e  194 395 6
e  120 381 9
e  238 345 5
e  151 348 0
e  39 177 0
e  46 349 10
e  304 444 7
e  14 437 3
e  51 461 9
e  227 247 5
e  36 195 9
e  176 492 -5
e  148 254 -5
e  267 335 -3
e  210 318 -1
e  221 378 4
e  81 314 3
e  226 319 5
e  57 332 2
e  339 383 7
e  367 389 10
e  327 336 3
e  321 446 -2
e  274 470 -1
e  184 247 8
e  81 137 -2
e  37 475 -1
e  311 349 10
e  57 484 -5
e  83 416 4
e  132 276 2
e  32 418 2
e  104 319 -5
e  231 240 3
e  33 420 -3
e  185 498 7
e  90 157 3
e  165 355 2
e  323 372 -1
e  165 356 -4
e  138 296 -1
e  269 289 2
e  64 143 3
e  237 264 3
e  22 319 9
e  248 401 2
e  329 341 -1
e  48 337 9
e  50 456 -2
e  55 132 0
e  296 350 -5
e  225 378 7
e  370 471 -5
e  25 61 8
e  395 475 -2
e  253 270 8
e  92 217 -3
e  133 265 4
e  155 330 -2
e  318 403 -1
e  174 458 9
e  395 499 4
e  210 364 7
e  68 387 10
e  101 111 3
e  129 453 -4
e  110 460 9
e  354 374 -5
e  206 368 6
e  243 460 5
e  186 385 -2
e  289 460 -4
e  6 80 2
e  152 354 5
e  40 258 9
e  94 165 -3
e  140 478 0
e  12 483 10
e  202 488 -2
e  146 170 -5
e  455 474 8
e  146 184 -4
e  206 361 7
e  93 190 0
e  27 459 2
e  160 346 4
e  165 225 10
e  312 460 8
e  25 272 10
e  287 291 4
e  352 495 -5
e  65 145 -1
e  197 338 6
e  254 347 3
e  142 173 -1
e  46 378 8
e  143 387 9
e  317 390 4
e  158 344 8
e  148 220 10
e  175 437 2
e  123 217 7
e  162 283 -3
e  246 380 9
e  370 499 7
e  213 499 -4
e  353 439 1
e  21 132 4
e  105 428 10
e  254 312 -3
e  161 456 7
e  233 349 5
e  30 189 -5
e  40 95 5
e  132 347 -1
e  337 391 -5
e  427 487 1
e  388 457 -2
e  143 279 8
e  112 304 9
e  24 198 -1
e  413 420 8
e  425 481 7
e  120 291 7
e  209 321 1
e  262 427 2
e  66 128 3
e  359 402 10
e  171 267 4
e  40 145 6
e  63 207 7
e  96 444 8
e  7 253 -4
e  412 424 2
e  374 410 3
e  233 268 0
e  60 105 2
e  203 373 10
e  93 496 -2
e  301 408 10
e  284 333 -3
e  72 338 7
e  125 380 1
e  82 221 1
e  235 373 -3
e  318 493 10
e  376 445 8
e  21 408 8
e  277 279 3
e  135 488 -5
e  26 229 5
e  163 269 10
e  19 26 4
e  90 232 -2
e  109 150 3
e  188 446 7
e  22 116 8
e  96 351 -1
e  386 457 0
e  119 375 -2
e  52 121 9
e  308 468 -5
e  113 420 6
e  13 107 5
e  191 284 10
e  229 402 -3
e  167 481 5
e  371 433 7
e  266 274 -2
e  317 327 9
e  308 392 -5
e  374 399 -3
e  27 108 1
e  176 346 -1
e  39 187 6
e  4 156 10
e  4 461 3
e  27 74 -5
e  242 433 10
e  228 335 6
e  136 211 -2
e  9 395 -4
e  436 497 -2
e  338 431 2
e  206 233 4
e  167 394 -3
e  72 434 3
e  230 340 9
e  46 388 6
e  21 183 -4
e  29 329 -3
e  80 483 -4
e  386 419 7
e  109 416 -2
e  32 191 7
e  227 381 8
e  194 448 10
e  43 223 -2
e  105 390 3
e  28 332 1
e  98 430 6
e  229 440 9
e  37 113 -5
e  250 407 6
e  0 447 5
e  444 474 -3
e  43 207 -4
e  144 167 -3
e  52 328 0
e  176 402 3
e  11 320 3
e  230 273 9
e  94 471 3
e  131 468 10
e  172 253 6
e  187 371 1
e  72 105 6
e  214 287 2
e  213 283 1
e  82 281 5
e  174 387 5
e  15 56 10
e  308 362 4
e  426 450 4
e  168 337 8
e  223 290 2
e  190 382 6
e  227 337 -1
e  18 125 3
e  4 163 4
e  405 408 -1
e  64 133 -3
e  380 464 7
e  436 462 8
e  145 275 10
e  4 301 10
e  247 301 2
e  156 470 2
e  61 320 -5
e  10 239 1
e  92 257 7
e  257 277 -2
e  149 338 7
e  174 357 -3
e  6 363 8
e  227 302 -5
e  39 381 -5
e  60 447 7
e  113 429 10
e  181 264 7
e  112 226 -4
e  57 120 2
e  196 468 -2
e  101 243 -5
e  44 323 3
e  168 481 -2
e  19 431 3
e  46 155 -2
e  268 302 -4
e  160 230 -1
e  18 209 -2
e  11 307 -2
e  312 356 10
e  394 453 -4
e  79 165 3
e  191 228 10
e  208 286 9
e  234 429 0
e  86 482 6
e  322 479 -2
e  27 164 10
e  115 371 7
e  15 492 4
e  75 351 8
e  205 264 1
e  31 318 7
e  273 344 -2
e  215 498 -5
e  151 259 2
e  201 336 1
e  274 320 4
e  148 280 -1
e  51 238 0
e  291 432 0
e  15 433 -5
e  69 77 2
e  39 191 -5
e  372 483 1
e  363 398 8
e  329 433 4
e  89 113 2
e  199 215 9
e  60 373 0
e  169 392 3
e  56 419 -3
e  127 208 0
e  62 314 6
e  313 339 10
e  102 424 6
e  91 457 0
e  14 73 6
e  124 348 1
e  87 223 -3
e  108 315 0
e  272 486 1
e  99 271 3
e  239 399 1
e  79 182 7
e  74 349 5
e  258 478 6
e  174 296 9
e  123 419 4
e  118 414 0
e  75 494 1
e  438 475 2
e  139 245 9
e  103 244 10
e  171 178 4
e  133 301 -4
e  244 496 3
e  271 337 4
e  21 376 2
e  34 125 10
e  76 470 9
e  57 58 -4
e  384 437 5
e  159 165 9
e  2 100 -1
e  36 476 10
e  258 297 5
e  139 460 2
e  213 412 10
e  228 406 7
e  354 453 6
e  441 443 9
e  220 225 9
e  236 392 -3
e  276 449 5
e  166 476 9
e  133 410 8
e  183 309 9
e  187 341 2
e  50 155 5
e  241 332 -2
e  119 385 -2
e  322 492 -4
e  89 109 -4
e  31 272 7
e  221 239 -2
e  302 442 0
e  121 386 2
e  198 287 -4
e  37 73 -2
e  236 280 3
e  118 335 -2
e  224 271 -2
e  10 103 7
e  197 426 8
e  48 356 1
e  0 297 4
e  70 430 6
e  105 158 7
e  255 342 2
e  281 318 -5
e  24 289 1
e  318 331 4
e  43 431 1
e  179 461 9
e  159 447 8
e  202 401 1
e  270 416 -5
e  147 255 3
e  51 109 -1
e  82 416 10
e  456 466 -5
e  295 369 4
e  204 401 6
e  43 160 1
e  140 419 5
e  72 164 2
e  272 418 6
e  50 338 2
e  223 331 3
e  162 351 10
e  157 221 -4
e  245 308 10
e  106 245 0
e  104 218 0
e  269 356 8
e  229 424 1
e  58 367 6
e  250 335 -2
e  295 480 -3
e  10 499 8
e  131 208 1
e  158 194 7
e  60 100 6
e  322 424 6
e  101 256 -2
e  6 227 6
e  53 493 9
e  459 461 9
e  64 209 -3
e  288 331 -1
e  136 450 0
e  30 244 -3
e  120 187 8
e  159 255 6
e  476 478 -5
e  96 271 10
e  73 102 6
e  168 262 0
e  148 401 5
e  104 379 7
e  72 438 -5
e  36 336 -3
e  388 440 10
e  21 471 -1
e  145 251 -4
e  115 367 4
e  40 407 -5
e  0 377 8
e  314 321 6
e  16 216 4
e  210 371 8
e  86 438 8
e  188 254 -5
e  53 455 4
e  253 444 10
e  132 476 8
e  351 476 5
e  169 248 -5
e  26 101 -5
e  107 136 9
e  181 327 -2
e  36 356 6
e  131 313 0
e  194 297 3
e  128 318 -2
e  175 430 5
e  76 148 2
e  339 456 5
e  298 306 -2
e  333 364 4
e  24 397 6
e  27 307 4
e  10 38 0
e  272 358 8
e  101 343 -1
e  276 460 -4
e  44 158 -5
e  18 458 -5
e  4 337 -1
e  255 379 1
e  186 367 2
e  372 428 -1
e  398 430 -1
e  60 207 -2
e  170 457 2
e  40 414 7
e  16 404 3
e  347 455 -5
e  2 402 -1
e  26 471 -5
e  225 257 1
e  303 321 1
e  389 396 -2
e  36 335 6
e  111 479 8
e  100 351 -2
e  5 8 -5
e  289 487 9
e  90 108 1
e  119 184 4
e  241 249 9
e  150 185 3
e  91 144 10
e  80 122 -4
e  225 284 -4
e  198 496 -1
e  340 372 -2
e  109 467 -1
e  127 436 -3
e  100 415 1
e  81 358 -4
e  2 27 2
e  8 182 -1
e  356 387 4
e  238 482 1
e  313 333 4
e  406 424 0
e  87 104 3
e  225 297 7
e  32 220 10
e  142 200 -1
e  103 450 0
e  300 481 7
e  445 462 2
e  52 197 -2
e  180 193 -1
e  252 306 -2
e  324 402 3
e  12 32 1
e  117 326 3
e  101 195 -1
e  122 170 10
e  124 418 3
e  122 494 10
e  67 478 9
e  180 389 10
e  250 311 10
e  2 253 10
e  132 217 6
e  9 107 -4
e  78 475 10
e  214 425 3
e  96 387 5
e  192 248 3
e  201 452 -3
e  234 458 -1
e  134 146 7
e  3 252 5
e  370 449 10
e  274 304 -2
e  100 420 -5
e  96 175 6
e  42 325 9
e  21 269 5
e  139 441 5
e  228 284 -4
e  25 170 -3
e  416 441 -5
e  302 328 9
e  309 403 -2
e  437 494 8
e  87 295 -4
e  338 466 6
e  234 349 9
e  152 337 -4
e  394 414 -4
e  116 424 8
e  95 274 10
e  78 128 -2
e  3 199 5
e  93 461 2
e  58 275 -1
e  212 283 10
e  38 311 -5
e  13 44 8
e  152 244 -3
e  18 52 -4
e  269 496 -5
e  164 257 -5
e  85 228 -4
e  11 225 3
e  23 269 2
e  98 304 5
e  174 438 5
e  422 440 4
e  89 287 5
e  120 260 9
e  381 445 1
e  270 485 5
e  119 361 -5
e  444 475 5
e  316 469 9
e  136 208 5
e  13 412 -3
e  158 211 7
e  20 429 9
e  119 234 0
e  158 362 -1
e  462 490 5
e  455 466 1
e  190 351 4
e  199 346 -4
e  307 370 7
e  144 358 3
e  102 249 -1
e  97 262 -3
e  3 130 7
e  155 426 -5
e  139 443 4
e  187 422 4
e  52 95 1
e  237 254 1
e  62 290 6
e  58 422 -1
e  108 433 2
e  213 473 -3
e  47 77 5
e  88 486 10
e  95 477 7
e  77 364 -3
e  109 346 1
e  63 139 0
e  129 450 0
e  42 446 4
e  47 151 7
e  198 369 -3
e  132 134 -2
e  77 368 0
e  99 347 4
e  149 437 2
e  364 493 -2
e  301 406 9
e  155 230 3
e  102 431 9
e  98 268 -1
e  236 415 4
e  303 391 10
e  154 236 10
e  118 481 1
e  70 407 0
e  135 376 0
e  303 354 -4
e  98 269 0
e  212 348 2
e  108 405 -5
e  78 250 -4
e  60 421 -3
e  154 484 -4
e  41 492 -4
e  262 374 -1
e  31 325 10
e  31 441 3
e  95 318 -5
e  41 213 0
e  209 448 3
e  239 494 8
e  254 378 7
e  4 485 10
e  312 471 4
e  138 188 -5
e  164 354 8
e  263 315 9
e  140 282 -4
e  330 402 -1
e  63 411 -3
e  96 404 -4
e  261 415 2
e  43 97 4
e  70 398 4
e  0 476 -1
e  192 394 -3
e  167 191 7
e  82 234 7
e  123 345 10
e  343 458 -3
e  76 419 5
e  114 159 -1
e  26 195 0
e  213 358 4
e  20 394 0
e  74 482 4
e  22 101 8
e  23 256 -3
e  27 296 4
e  167 320 -2
e  88 431 -3
e  41 437 -3
e  360 374 4
e  93 130 -4
e  205 349 8
e  235 255 -2
e  171 242 9
e  194 407 -2
e  171 279 7
e  335 408 10
e  111 399 3
e  68 422 1
e  252 414 5
e  208 467 6
e  136 178 6
e  138 454 4
e  250 482 4
e  166 380 -5
e  268 346 -1
e  368 462 -5
e  74 99 -5
e  351 384 -5
e  97 302 2
e  155 160 9
e  200 292 -2
e  169 492 -2
e  315 430 -5
e  169 406 -2
e  164 290 -4
e  252 338 1
e  83 175 -2
e  233 300 5
e  398 491 6
e  210 228 -3
e  281 360 10
e  77 221 -2
e  235 378 -5
e  171 277 2
e  38 281 -1
e  184 205 -4
e  187 269 -5
e  121 460 -3
e  243 493 -5
e  383 397 1
e  188 207 5
e  107 328 -4
e  233 284 10
e  98 252 0
e  179 277 0
e  11 418 1
e  17 245 3
e  280 496 7
e  50 202 5
e  59 252 -4
e  406 462 3
e  371 374 0
e  101 480 8
e  229 324 5
e  177 410 3
e  81 408 10
e  194 497 5
e  88 156 6
e  35 260 0
e  113 317 -3
e  180 464 6
e  256 447 -3
e  381 464 0
e  304 364 2
e  71 123 2
e  4 393 0
e  125 397 -5
e  13 76 9
e  312 424 1
e  172 332 -2
e  239 416 -1
e  12 104 -5
e  113 157 3
e  350 482 9
e  119 466 -5
e  108 260 2
e  278 430 8
e  154 491 8
e  21 146 10
e  16 81 -5
e  13 296 7
e  406 446 -1
e  169 442 -1
e  223 382 2
e  94 152 -1
e  67 496 5
e  140 416 -5
e  79 171 10
e  77 444 -4
e  360 406 -2
e  335 362 -5
e  366 484 -5
e  277 378 -1
e  25 448 -2
e  289 492 8
e  62 177 1
e  72 472 -4
e  296 436 -2
e  226 274 0
e  151 384 5
e  117 197 -3
e  21 477 -5
e  125 245 -1
e  188 192 -5
e  0 438 8
e  333 435 -1
e  234 263 -3
e  79 259 9
e  276 291 0
e  175 498 -1
e  62 350 7
e  230 306 -5
e  55 352 7
e  415 420 -5
e  168 197 5
e  370 419 -2
e  158 494 6
e  360 487 -4
e  253 466 10
e  261 300 10
e  94 444 7
e  119 448 3
e  392 426 10
e  183 382 -2
e  439 447 -2
e  75 257 -5
e  224 278 10
e  203 499 1
e  40 53 -5
e  345 416 0
e  282 419 5
e  254 464 6
e  7 444 4
e  185 464 -5
e  284 314 1
e  352 410 1
e  137 291 7
e  20 441 -1
e  400 447 10
e  22 408 8
e  200 383 7
e  179 434 1
e  1 60 -2
e  11 200 7
e  189 330 3
e  213 264 -5
e  133 258 -2
e  52 115 5
e  219 466 4
e  253 389 10
e  251 477 9
e  46 407 -4
e  122 488 4
e  341 436 -3
e  31 79 -4
e  44 117 10
e  113 114 4
e  81 475 -2
e  73 346 4
e  12 97 -4
e  161 372 7
e  342 470 4
e  270 383 3
e  249 281 -4
e  252 325 7
e  118 438 7
e  40 106 6
e  151 333 9
e  205 447 8
e  271 395 -1
e  67 180 3
e  255 341 0
e  144 258 -1
e  322 427 5
e  326 357 -2
e  55 185 -5
e  147 349 2
e  100 365 4
e  42 490 -2
e  237 442 6
e  206 412 4
e  197 318 1
e  21 222 2
e  143 236 0
e  90 261 8
e  46 414 9
e  353 354 8
e  111 175 3
e  225 463 10
e  122 149 5
e  178 482 -2
e  261 314 4
e  280 439 3
e  267 381 4
e  8 398 10
e  447 450 0
e  165 235 -4
e  151 262 -5
e  98 152 1
e  373 407 2
e  213 246 6
e  24 417 4
e  251 413 10
e  443 492 5
e  94 174 0
e  110 228 -2
e  183 219 8
e  390 487 -2
e  53 407 3
e  192 434 0
e  235 392 5
e  148 427 -3
e  42 162 6
e  189 254 10
e  132 345 7
e  345 394 5
e  25 490 0
e  380 454 -1
e  278 484 6
e  303 383 -1
e  43 124 -2
e  85 168 8
e  126 223 2
e  177 315 9
e  154 366 -4
e  86 449 6
e  82 481 0
e  35 474 6
e  127 339 4
e  132 277 -3
e  73 181 2
e  17 499 7
e  196 365 5
e  14 487 5
e  53 210 3
e  120 131 2
e  110 154 3
e  0 263 3
e  16 280 -5
e  394 452 5
e  327 458 6
e  115 427 6
e  201 475 4
e  1 348 -5
e  336 411 5
e  200 399 -4
e  216 460 -1
e  194 390 -5
e  366 481 -5
e  95 126 2
e  14 84 7
e  168 410 4
e  337 346 4
e  77 131 -2
e  217 334 5
e  6 465 6
e  364 424 9
e  126 220 10
e  40 274 4
e  151 369 2
e  214 313 3
e  151 291 -4
e  82 388 -3
e  59 106 2
e  53 490 2
e  182 192 6
e  62 413 7
e  330 369 1
e  200 280 6
e  250 350 10
e  118 246 5
e  288 291 6
e  185 267 4
e  81 186 3
e  347 418 -1
e  91 284 4
e  139 478 -5
e  215 376 -1
e  6 123 10
e  158 341 9
e  8 258 2
e  59 147 2
e  173 426 2
e  198 452 -4
e  228 414 1
e  11 44 1
e  104 148 6
e  245 406 6
e  149 238 6
e  82 301 6
e  269 370 8
e  106 277 8
e  46 338 -1
e  399 401 10
e  3 384 8
e  335 493 9
e  26 109 1
e  77 316 -5
e  194 287 10
e  79 271 8
e  472 495 3
e  207 451 8
e  23 157 4
e  116 183 8
e  61 64 0
e  5 201 -3
e  438 465 2
e  140 327 0
e  359 372 -3
e  103 196 0
e  1 89 10
e  206 469 -3
e  97 123 -1
e  51 435 6
e  174 223 -5
e  225 477 -4
e  130 224 -3
e  27 55 9
e  273 350 1
e  253 324 9
e  306 416 4
e  103 278 3
e  146 174 7
e  142 160 -2
e  216 410 5
e  18 472 5
e  36 428 2
e  197 219 4
e  110 133 8
e  86 246 -1
e  166 280 9
e  158 414 9
e  43 448 7
e  160 268 6
e  304 443 -2
e  178 379 3
e  91 334 2
e  407 442 -5
e  237 440 0
e  52 87 3
e  64 241 -4
e  93 437 8
e  42 76 9
e  56 293 2
e  77 244 -1
e  136 272 5
e  147 448 5
e  411 422 4
e  48 239 -1
e  54 307 9
e  115 306 10
e  82 379 4
e  369 378 10
e  102 117 -1
e  50 366 6
e  238 406 5
e  58 474 7
e  316 450 7
e  195 498 8
e  70 370 7
e  36 58 3
e  83 266 -4
e  19 266 -3
e  102 256 -4
e  51 221 -3
e  114 157 2
e  18 166 1
e  1 334 7
e  333 393 9
e  336 367 5
e  10 262 6
e  373 488 6
e  334 490 3
e  186 397 -5
e  299 386 1
e  79 337 3
e  354 434 8
e  148 385 5
e  319 476 10
e  184 295 4
e  76 256 8
e  345 441 -1
e  210 401 10
e  213 355 2
e  35 396 2
e  410 434 9
e  51 210 1
e  270 339 9
e  373 379 7
e  213 293 -5
e  22 449 -5
e  129 172 10
e  258 314 -5
e  56 470 6
e  125 409 -1
e  238 390 0
e  204 350 4
e  151 181 -1
e  121 173 2
e  128 497 -1
e  240 314 -4
e  250 395 -3
e  109 139 -4
e  94 412 -3
e  39 402 -5
e  271 384 5
e  174 384 5
e  50 482 3
e  202 429 3
e  295 496 -1
e  266 281 10
e  82 316 4
e  141 181 -4
e  114 437 4
e  238 282 5
e  244 401 -2
e  271 336 -5
e  49 176 8
e  72 333 -4
e  41 139 -1
e  412 468 7
e  290 443 3
e  164 298 6
e  41 191 10
e  163 400 -3
e  85 97 8
e  115 477 3
e  126 436 10
e  6 482 9
e  302 491 5
e  12 371 -2
e  382 427 5
e  395 495 -1
e  112 385 -2
e  68 473 10
e  302 332 -4
e  124 280 -5
e  46 177 6
e  39 220 4
e  9 335 -1
e  199 374 -1
e  228 245 10
e  216 411 6
e  114 417 6
e  65 324 2
e  22 134 10
e  147 365 7
e  119 300 5
e  233 280 -3
e  88 391 6
e  81 493 5
e  54 280 -1
e  104 183 4
e  9 120 -5
e  280 293 0
e  253 424 5
e  320 391 10
e  161 189 6
e  160 211 -2
e  153 281 8
e  39 476 -4
e  277 320 8
e  195 364 5
e  273 430 10
e  117 393 2
e  45 285 10
e  179 354 6
e  159 236 -4
e  164 361 5
e  7 443 0
e  45 83 3
e  245 473 -5
e  312 332 4
e  142 330 -1
e  272 351 6
e  51 118 5
e  224 490 0
e  101 341 4
e  120 293 8
e  429 440 10
e  68 433 3
e  303 433 -2
e  43 170 10
e  216 372 -3
e  85 103 8
e  118 480 7
e  226 347 -4
e  233 475 1
e  265 318 4
e  209 224 -5
e  52 349 -3
e  159 226 2
e  350 461 -1
e  144 307 1
e  89 129 5
e  106 147 2
e  269 282 -5
e  246 325 6
e  126 414 10
e  109 235 -4
e  115 380 -5
e  133 455 3
e  147 280 -3
e  152 289 8
e  67 441 -5
e  114 439 -1
e  118 207 3
e  335 461 -4
e  34 206 1
e  333 477 9
e  29 85 5
e  52 245 6
e  111 326 1
e  84 447 -4
e  17 124 0
e  113 315 4
e  105 468 10
e  28 374 10
e  110 386 -3
e  371 412 3
e  372 429 8
e  348 404 7
e  143 244 0
e  305 320 -3
e  101 308 -1
e  194 282 -1
e  92 302 -2
e  103 253 3
e  340 434 6
e  166 246 1
e  147 470 0
e  99 480 5
e  232 236 5
e  160 297 4
e  218 352 2
e  415 425 -1
e  67 101 5
e  341 471 -3
e  186 484 -3
e  11 28 0
e  19 337 -5
e  87 370 -1
e  67 436 4
e  154 270 -5
e  376 472 4
e  82 374 2
e  59 72 9
e  47 210 -3
e  242 490 8
e  183 253 0
e  195 199 5
e  245 346 4
e  138 498 5
e  78 206 2
e  455 456 5
e  159 210 0
e  144 348 5
e  105 286 6
e  198 405 1
e  176 393 -5
e  337 497 -5
e  39 312 5
e  215 321 1
e  73 240 4
e  212 256 5
e  193 348 -3
e  96 296 -3
e  126 440 4
e  456 484 7
e  408 462 4
e  30 325 9
e  376 456 0
e  116 405 -4
e  125 464 3
e  130 345 1
e  38 136 0
e  29 114 2
e  89 359 6
e  43 181 10
e  231 433 -1
e  193 317 3
e  62 368 -5
e  187 246 4
e  356 427 5
e  354 359 3
e  216 224 -1
e  266 331 7
e  34 497 5
e  128 469 4
e  434 458 6
e  203 215 5
e  48 124 0
e  14 245 -1
e  29 42 -1
e  44 377 6
e  103 448 1
e  64 176 10
e  12 81 10
e  3 492 5
e  66 297 9
e  38 461 4
e  38 153 -4
e  271 475 3
e  113 369 5
e  424 459 1
e  167 393 9
e  491 497 -1
e  56 284 -1
e  35 390 7
e  81 122 7
e  86 224 6
e  269 497 8
e  11 486 -1
e  329 498 9
e  66 338 5
e  180 431 3
e  163 293 -3
e  109 152 -5
e  16 428 8
e  73 488 -4
e  181 407 2
e  24 222 9
e  117 437 -3
e  77 480 6
e  45 143 0
e  224 231 -2
e  438 496 1
e  280 314 7
e  237 451 10
e  470 481 4
e  104 428 -4
e  222 386 6
e  137 317 -5
e  85 390 -2
e  328 453 -4
e  304 466 1
e  66 162 2
e  82 371 8
e  115 138 0
e  98 149 -3
e  128 364 -5
e  35 439 -4
e  152 482 -3
e  379 466 -3
e  98 242 7
e  235 361 5
e  297 357 -3
e  143 267 6
e  208 214 0
e  67 417 -4
e  80 396 3
e  131 409 10
e  248 322 -4
e  340 416 7
e  40 354 10
e  171 218 4
e  158 268 5
e  341 395 4
e  81 135 -3
e  158 339 2
e  56 270 7
e  203 362 5
e  185 288 3
e  147 479 1
e  46 55 6
e  89 186 -2
e  190 193 4
e  30 410 -2
e  64 493 1
e  359 405 10
e  134 194 -1
e  112 489 10
e  394 495 -3
e  147 239 6
e  76 368 -3
e  43 373 -1
e  243 353 -3
e  313 349 3
e  143 198 7
e  59 67 3
e  340 443 4
e  10 490 -5
e  72 459 -4
e  383 385 6
e  382 398 7
e  100 454 6
e  199 270 -4
e  196 216 -4
e  47 229 5
e  36 493 3
e  137 321 9
e  170 206 5
e  194 410 3
e  78 407 8
e  57 389 -4
e  46 369 8
e  188 200 9
e  25 49 10
e  114 184 -4
e  196 461 4
e  11 125 5
e  288 450 -3
e  88 231 0
e  33 235 5
e  277 438 2
e  276 339 -5
e  221 329 -3
e  153 354 -4
e  197 499 -4
e  126 231 -4
e  377 484 5
e  294 327 1
e  114 456 9
e  156 229 8
e  185 413 3
e  152 495 8
e  125 279 0
e  335 489 10
e  60 436 3
e  223 226 1
e  118 199 6
e  343 357 10
e  103 144 0
e  25 462 6
e  108 299 4
e  106 185 -4
e  166 410 3
e  283 485 8
e  241 405 1
e  37 56 8
e  204 330 8
e  188 247 -5
e  179 466 4
e  321 428 1
e  12 499 -4
e  136 200 8
e  306 442 7
e  284 323 -1
e  53 260 5
e  27 451 8
e  358 468 2
e  11 267 10
e  317 409 -2
e  181 310 -5
e  19 471 -1
e  56 283 5
e  52 439 6
e  411 454 4
e  34 344 4
e  423 483 9
e  80 296 6
e  371 490 8
e  196 252 4
e  144 373 9
e  206 244 7
e  28 170 6
e  379 428 -3
e  264 273 3
e  286 475 10
e  10 469 9
e  197 340 5
e  36 296 9
e  420 421 2
e  312 489 6
e  154 415 -3
e  298 397 3
e  14 217 3
e  109 163 10
e  57 373 0
e  161 290 -2
e  236 366 9
e  33 127 -4
e  93 486 -2
e  176 371 -1
e  125 351 9
e  415 421 0
e  472 490 -5
e  97 194 -4
e  350 427 -5
e  80 400 -1
e  163 180 4
e  366 375 1
e  127 159 -2
e  24 37 -5
e  170 427 1
e  61 323 6
e  45 291 9
e  361 392 6
e  190 326 0
e  124 371 3
e  153 155 5
e  118 160 7
e  280 307 5
e  146 253 6
e  120 208 0
e  42 226 2
e  283 325 1
e  193 480 4
e  251 395 4
e  160 403 9
e  313 384 2
e  344 463 -4
e  129 193 9
e  284 386 -5
e  49 333 7
e  161 381 2
e  62 396 4
e  72 411 9
e  13 115 1
e  150 415 6
e  72 196 8
e  243 319 -4
e  150 222 7
e  7 422 4
e  174 353 -3
e  7 440 -5
e  126 127 4
e  229 245 8
e  171 483 3
e  28 133 9
e  75 208 1
e  483 488 2
e  109 295 2
e  7 379 10
e  199 472 9
e  227 288 10
e  184 465 -2
e  183 231 8
e  182 411 7
e  79 172 3
e  290 393 8
e  184 311 8
e  20 351 -4
e  31 301 1
e  120 382 8
e  81 316 10
e  162 345 0
e  49 476 3
e  33 99 2
e  301 477 7
e  165 249 -1
e  295 420 -5
e  142 219 8
e  251 354 9
e  78 363 8
e  45 93 10
e  142 489 7
e  54 328 9
e  96 348 6
e  270 432 -5
e  62 274 8
e  334 463 -1
e  22 210 7
e  219 474 8
e  9 460 1
e  173 420 7
e  51 462 -4
e  10 389 10
e  173 249 -2
e  185 227 -3
e  327 439 6
e  99 487 -2
e  102 284 0
e  388 443 9
e  221 252 9
e  284 311 -1
e  0 11 1
e  454 494 5
e  151 153 -2
e  157 308 9
e  98 313 -4
e  324 393 -1
e  53 209 9
e  163 485 2
e  124 403 -1
e  307 472 7
e  333 389 -2
e  128 387 8
e  78 459 6
e  324 436 7
e  6 243 1
e  174 280 1
e  171 456 8
e  295 481 4
e  15 248 8
e  12 222 10
e  104 269 6
e  50 406 8
e  100 357 4
e  271 275 2
e  206 326 0
e  14 249 -3
e  317 393 -4
e  252 490 3
e  267 400 4
e  386 408 -3
e  288 325 8
e  5 53 4
e  308 488 9
e  181 395 7
e  292 394 8
e  307 341 7
e  262 448 -1
e  377 459 -5
