c Minimum Spanning Tree
c
c nodes:  500 ; arcs:  6000 ; cost range:  -5 - 10
c
p mst  500 6000
e  0 1 7
e  1 2 7
e  1 3 0
e  0 4 4
e  3 5 3
e  2 6 5
e  1 7 -3
e  6 8 8
e  4 9 4
e  1 10 -5
e  7 11 8
e  1 12 5
e  4 13 9
e  3 14 10
e  13 15 0
e  14 16 -1
e  7 17 -3
e  16 18 6
e  8 19 0
e  10 20 9
e  10 21 -1
e  9 22 7
e  13 23 -3
e  23 24 -1
e  18 25 -5
e  8 26 2
e  24 27 -5
e  11 28 4
e  23 29 0
e  24 30 -2
e  30 31 9
e  3 32 8
e  10 33 0
e  21 34 4
e  0 35 -2
e  16 36 10
e  14 37 6
e  20 38 5
e  36 39 9
e  6 40 9
e  0 41 0
e  12 42 -1
e  39 43 -3
e  10 44 -2
e  20 45 3
e  28 46 1
e  23 47 6
e  3 48 -3
e  44 49 3
e  21 50 1
e  13 51 5
e  4 52 -3
e  5 53 2
e  18 54 -2
e  42 55 -2
e  55 56 -1
e  15 57 10
e  3 58 2
e  9 59 -1
e  51 60 7
e  22 61 -2
e  18 62 6
e  48 63 -3
e  52 64 1
e  10 65 2
e  49 66 5
e  56 67 9
e  9 68 -5
e  60 69 5
e  40 70 5
e  29 71 4
e  4 72 3
e  46 73 -5
e  12 74 -5
e  23 75 4
e  47 76 -5
e  36 77 1
e  1 78 5
e  61 79 10
e  68 80 7
e  78 81 -5
e  59 82 0
e  20 83 3
e  52 84 3
e  14 85 10
e  13 86 6
e  30 87 10
e  49 88 -2
e  59 89 10
e  49 90 9
e  62 91 2
e  40 92 -5
e  74 93 7
e  74 94 6
e  42 95 -5
e  5 96 7
e  89 97 -2
e  1 98 -5
e  88 99 10
e  14 100 2
e  34 101 -5
e  56 102 7
e  24 103 -1
e  29 104 -5
e  30 105 -2
e  70 106 4
e  0 107 10
e  71 108 -4
e  73 109 -3
e  22 110 3
e  30 111 0
e  33 112 8
e  106 113 -1
e  19 114 -3
e  108 115 2
e  105 116 2
e  102 117 1
e  111 118 9
e  85 119 7
e  30 120 8
e  59 121 -5
e  82 122 -3
e  117 123 -1
e  75 124 9
e  111 125 -2
e  104 126 -3
e  33 127 10
e  62 128 7
e  30 129 -3
e  11 130 8
e  90 131 -4
e  99 132 -1
e  31 133 8
e  67 134 3
e  108 135 -4
e  90 136 -3
e  7 137 -5
e  76 138 -2
e  127 139 8
e  92 140 1
e  68 141 9
e  136 142 9
e  140 143 -1
e  50 144 8
e  106 145 -2
e  99 146 10
e  94 147 7
e  14 148 -2
e  147 149 -5
e  79 150 5
e  60 151 -5
e  66 152 -2
e  50 153 -2
e  65 154 5
e  150 155 -3
e  5 156 2
e  145 157 6
e  21 158 -4
e  47 159 -4
e  144 160 -4
e  110 161 -2
e  53 162 3
e  10 163 -2
e  73 164 7
e  85 165 4
e  145 166 10
e  156 167 1
e  6 168 6
e  67 169 0
e  70 170 3
e  155 171 3
e  155 172 0
e  126 173 -5
e  134 174 8
e  103 175 8
e  22 176 3
e  129 177 1
e  160 178 4
e  53 179 6
e  171 180 5
e  156 181 1
e  159 182 -4
e  119 183 6
e  176 184 3
e  174 185 -1
e  132 186 7
e  148 187 -3
e  84 188 2
e  2 189 3
e  181 190 1
e  111 191 0
e  173 192 8
e  147 193 8
e  107 194 9
e  145 195 4
e  157 196 10
e  193 197 -3
e  12 198 10
e  155 199 6
e  121 200 3
e  129 201 -5
e  52 202 -5
e  100 203 1
e  151 204 5
e  135 205 3
e  26 206 8
e  160 207 1
e  5 208 -4
e  156 209 -3
e  203 210 0
e  137 211 -1
e  37 212 6
e  129 213 7
e  52 214 -5
e  209 215 1
e  29 216 10
e  143 217 -4
e  173 218 -4
e  118 219 10
e  193 220 3
e  185 221 1
e  36 222 10
e  68 223 8
e  160 224 3
e  159 225 10
e  141 226 -3
e  162 227 8
e  112 228 -4
e  76 229 1
e  34 230 10
e  119 231 -1
e  151 232 3
e  229 233 -1
e  39 234 8
e  195 235 -5
e  141 236 9
e  227 237 4
e  92 238 2
e  63 239 8
e  41 240 -4
e  174 241 -4
e  38 242 5
e  66 243 -4
e  44 244 -1
e  45 245 7
e  139 246 8
e  146 247 -4
e  86 248 8
e  28 249 -5
e  217 250 7
e  158 251 3
e  179 252 5
e  251 253 -1
e  84 254 9
e  165 255 9
e  100 256 -3
e  157 257 5
e  5 258 0
e  131 259 9
e  97 260 -4
e  242 261 -3
e  118 262 0
e  144 263 -4
e  212 264 -1
e  107 265 9
e  47 266 6
e  9 267 -4
e  180 268 6
e  115 269 7
e  112 270 -5
e  116 271 3
e  156 272 10
e  253 273 -2
e  209 274 3
e  129 275 10
e  156 276 5
e  68 277 0
e  138 278 1
e  180 279 0
e  118 280 0
e  191 281 0
e  56 282 4
e  28 283 9
e  258 284 -4
e  30 285 -4
e  119 286 0
e  129 287 -3
e  59 288 8
e  231 289 -5
e  190 290 3
e  224 291 5
e  10 292 6
e  269 293 9
e  49 294 10
e  85 295 3
e  69 296 5
e  158 297 -1
e  171 298 10
e  35 299 10
e  192 300 -5
e  148 301 -5
e  123 302 1
e  47 303 7
e  88 304 0
e  184 305 -2
e  55 306 3
e  201 307 -2
e  242 308 -1
e  208 309 1
e  154 310 -4
e  63 311 3
e  279 312 9
e  104 313 0
e  84 314 -5
e  232 315 10
e  39 316 6
e  201 317 9
e  44 318 3
e  229 319 6
e  187 320 3
e  234 321 4
e  31 322 8
e  100 323 0
e  308 324 10
e  248 325 1
e  126 326 8
e  163 327 10
e  286 328 -1
e  6 329 3
e  39 330 6
e  262 331 -3
e  196 332 10
e  207 333 -1
e  219 334 8
e  259 335 3
e  315 336 8
e  146 337 -2
e  172 338 2
e  60 339 9
e  184 340 8
e  55 341 10
e  307 342 10
e  72 343 -4
e  105 344 4
e  294 345 -1
e  187 346 5
e  329 347 -4
e  337 348 1
e  92 349 -1
e  263 350 7
e  285 351 -5
e  99 352 -1
e  330 353 10
e  238 354 -1
e  80 355 10
e  250 356 1
e  303 357 7
e  6 358 3
e  353 359 5
e  118 360 0
e  287 361 10
e  102 362 4
e  350 363 8
e  14 364 8
e  195 365 8
e  154 366 -1
e  246 367 -1
e  352 368 10
e  256 369 10
e  296 370 0
e  249 371 4
e  146 372 -5
e  77 373 4
e  62 374 8
e  175 375 7
e  65 376 6
e  148 377 3
e  252 378 1
e  169 379 7
e  5 380 7
e  292 381 -5
e  374 382 10
e  361 383 2
e  57 384 2
e  376 385 3
e  305 386 6
e  200 387 1
e  245 388 -3
e  290 389 5
e  210 390 -1
e  173 391 5
e  2 392 -3
e  131 393 6
e  158 394 5
e  357 395 9
e  161 396 0
e  104 397 5
e  259 398 7
e  3 399 9
e  216 400 6
e  54 401 -4
e  227 402 7
e  263 403 8
e  324 404 10
e  228 405 2
e  155 406 3
e  241 407 4
e  317 408 -3
e  202 409 5
e  144 410 -4
e  227 411 4
e  146 412 -5
e  330 413 0
e  348 414 8
e  371 415 5
e  187 416 6
e  83 417 2
e  125 418 2
e  268 419 2
e  167 420 0
e  288 421 3
e  333 422 1
e  140 423 10
e  18 424 -1
e  86 425 3
e  43 426 6
e  327 427 10
e  53 428 0
e  335 429 -2
e  294 430 -2
e  115 431 -3
e  164 432 0
e  314 433 -2
e  264 434 1
e  243 435 -5
e  20 436 0
e  50 437 2
e  306 438 5
e  275 439 -2
e  285 440 8
e  43 441 3
e  295 442 2
e  58 443 1
e  162 444 6
e  77 445 -4
e  112 446 -3
e  362 447 2
e  164 448 7
e  106 449 5
e  17 450 0
e  341 451 7
e  141 452 7
e  361 453 -5
e  105 454 7
e  174 455 -5
e  449 456 9
e  349 457 -1
e  265 458 1
e  117 459 7
e  402 460 4
e  83 461 4
e  137 462 5
e  264 463 7
e  188 464 6
e  9 465 3
e  7 466 9
e  381 467 4
e  65 468 6
e  329 469 0
e  218 470 9
e  167 471 2
e  386 472 5
e  12 473 7
e  333 474 9
e  79 475 5
e  229 476 5
e  443 477 0
e  240 478 4
e  48 479 10
e  232 480 0
e  126 481 -3
e  106 482 -2
e  348 483 0
e  124 484 4
e  213 485 10
e  78 486 -5
e  62 487 0
e  441 488 3
e  155 489 9
e  284 490 10
e  476 491 6
e  37 492 -4
e  457 493 4
e  231 494 -1
e  23 495 6
e  20 496 3
e  289 497 -2
e  184 498 5
e  44 499 6
e  71 452 5
e  223 447 -5
e  54 287 9
e  154 270 4
e  1 320 1
e  234 245 7
e  142 393 1
e  167 409 9
e  162 402 -5
e  28 257 0
e  62 380 7
e  132 350 -2
e  241 465 5
e  41 376 -5
e  432 433 -1
e  468 489 5
e  358 401 9
e  34 50 -4
e  35 298 10
e  40 431 -2
e  115 191 6
e  15 141 -3
e  10 93 5
e  54 269 5
e  47 225 9
e  216 243 10
e  364 409 -3
e  125 147 1
e  152 250 5
e  340 476 5
e  109 480 9
e  452 457 -2
e  121 413 1
e  102 334 -2
e  194 260 2
e  83 488 -5
e  224 246 5
e  31 453 4
e  91 334 -5
e  259 299 7
e  46 56 9
e  42 372 6
e  114 350 -3
e  117 201 2
e  269 369 0
e  2 182 -4
e  246 387 1
e  84 165 0
e  55 379 8
e  187 318 -5
e  146 390 5
e  89 99 5
e  247 295 5
e  119 220 6
e  268 316 2
e  232 247 10
e  81 474 0
e  170 400 5
e  39 351 5
e  174 411 1
e  251 420 7
e  97 352 -3
e  184 424 5
e  59 160 2
e  204 327 -3
e  303 337 8
e  71 195 2
e  223 279 2
e  26 326 7
e  371 439 7
e  236 336 0
e  38 180 5
e  471 479 -3
e  148 436 -2
e  34 71 5
e  205 280 -2
e  116 157 0
e  106 366 -5
e  106 134 5
e  164 425 6
e  162 434 -2
e  234 243 4
e  181 441 5
e  313 327 2
e  45 48 -3
e  171 392 4
e  13 45 9
e  379 388 2
e  116 180 3
e  155 211 -5
e  229 417 -5
e  173 316 -4
e  62 96 8
e  132 368 5
e  303 480 8
e  45 281 6
e  88 377 9
e  195 210 -2
e  366 441 -5
e  3 142 8
e  168 389 10
e  100 467 -4
e  143 463 0
e  248 402 2
e  166 443 10
e  221 352 5
e  152 452 4
e  92 304 -5
e  12 29 -2
e  30 383 8
e  87 417 3
e  29 340 -2
e  101 396 4
e  92 183 -5
e  181 466 0
e  15 93 -2
e  139 265 8
e  65 416 10
e  13 421 -1
e  301 429 1
e  256 399 -1
e  192 253 6
e  403 449 5
e  38 132 8
e  166 431 10
e  91 456 3
e  363 382 3
e  110 191 4
e  62 334 3
e  38 314 -2
e  44 457 3
e  227 359 -1
e  149 320 -4
e  51 304 9
e  373 419 2
e  246 375 3
e  384 403 2
e  136 359 -2
e  250 445 3
e  285 340 2
e  92 403 7
e  255 275 -2
e  287 379 8
e  377 478 -1
e  259 417 10
e  97 450 7
e  96 155 0
e  80 328 8
e  238 293 -4
e  154 187 -3
e  173 273 8
e  107 142 4
e  300 401 8
e  20 434 6
e  142 374 3
e  42 79 -4
e  128 164 2
e  316 338 10
e  260 263 4
e  161 437 7
e  355 437 -3
e  94 213 5
e  203 419 6
e  98 100 6
e  63 364 0
e  310 381 2
e  125 341 -5
e  2 54 5
e  130 466 -3
e  174 443 7
e  410 475 -5
e  180 364 5
e  80 407 -4
e  290 388 6
e  211 252 9
e  227 346 2
e  112 184 10
e  86 359 3
e  55 273 -4
e  233 386 -3
e  311 465 -3
e  178 307 7
e  343 368 3
e  250 262 4
e  137 139 10
e  67 74 -4
e  247 345 10
e  211 286 2
e  50 177 6
e  465 478 -3
e  362 425 8
e  18 420 9
e  198 364 4
e  65 406 -2
e  159 282 5
e  75 115 10
e  253 304 7
e  124 339 3
e  92 260 9
e  18 245 -3
e  227 288 -2
e  340 353 -1
e  59 74 4
e  473 479 -4
e  138 418 8
e  139 295 8
e  136 179 -4
e  203 243 6
e  274 392 6
e  124 371 10
e  318 364 -2
e  168 324 2
e  297 377 -3
e  47 413 10
e  38 263 10
e  213 465 2
e  64 174 7
e  199 222 -4
e  97 283 -1
e  185 286 -2
e  227 344 6
e  37 493 5
e  81 427 -2
e  53 458 3
e  279 337 2
e  134 173 -5
e  80 389 -3
e  78 145 1
e  80 130 3
e  8 264 10
e  250 410 4
e  36 81 3
e  277 444 -3
e  202 272 0
e  56 401 4
e  174 464 -2
e  208 450 0
e  22 107 4
e  204 499 6
e  153 407 0
e  195 446 1
e  78 434 0
e  18 60 -2
e  101 475 -2
e  118 442 -3
e  92 459 10
e  116 432 -3
e  124 387 5
e  110 483 7
e  213 257 4
e  82 160 4
e  276 328 -3
e  122 181 1
e  361 367 7
e  181 396 9
e  367 480 1
e  223 254 8
e  27 211 2
e  2 72 -1
e  323 420 0
e  147 375 -4
e  437 466 -4
e  15 350 9
e  197 407 9
e  242 493 9
e  153 164 1
e  10 142 7
e  5 82 8
e  3 303 3
e  7 393 7
e  218 394 8
e  306 320 5
e  286 426 9
e  144 208 1
e  103 251 -2
e  84 221 7
e  47 344 1
e  325 399 8
e  181 398 8
e  424 437 7
e  240 381 -4
e  287 424 4
e  159 220 10
e  86 494 4
e  17 443 3
e  9 239 -1
e  117 444 10
e  165 432 -3
e  55 88 -1
e  378 406 7
e  335 362 2
e  104 248 3
e  255 468 3
e  74 487 -4
e  240 300 4
e  281 307 -3
e  105 306 1
e  275 348 -4
e  84 144 -4
e  134 421 9
e  391 434 5
e  294 311 5
e  67 423 -5
e  186 450 6
e  204 442 10
e  35 105 3
e  124 175 1
e  101 259 7
e  136 223 -5
e  12 373 2
e  140 432 0
e  7 394 -2
e  88 365 7
e  281 434 5
e  25 95 8
e  234 425 4
e  254 424 -3
e  147 364 -5
e  117 213 7
e  161 430 4
e  95 201 -3
e  20 474 -4
e  329 491 2
e  337 384 -1
e  124 361 3
e  50 100 -1
e  14 120 8
e  42 366 -5
e  34 80 -2
e  198 245 -3
e  300 375 3
e  142 172 -5
e  13 245 4
e  338 414 -5
e  33 234 7
e  31 490 -1
e  45 107 6
e  371 495 -2
e  193 488 2
e  140 396 -5
e  136 274 9
e  45 469 -3
e  90 286 7
e  121 329 -4
e  227 273 7
e  58 248 7
e  247 391 7
e  421 455 7
e  24 78 9
e  151 446 10
e  357 451 1
e  75 227 8
e  161 341 10
e  98 454 2
e  71 305 -3
e  112 421 7
e  310 394 -3
e  107 309 7
e  87 283 8
e  278 441 6
e  363 398 0
e  337 362 5
e  203 406 9
e  46 491 2
e  54 104 9
e  196 360 -2
e  102 133 5
e  383 467 -4
e  38 346 -4
e  81 173 8
e  56 133 0
e  130 325 1
e  13 33 0
e  69 163 7
e  300 475 -4
e  123 444 9
e  257 351 3
e  227 287 -5
e  21 142 -4
e  121 135 3
e  151 356 6
e  188 242 3
e  188 361 3
e  316 437 10
e  87 154 -5
e  23 441 10
e  52 76 -5
e  101 420 7
e  275 331 1
e  86 253 2
e  107 376 1
e  143 172 5
e  218 423 9
e  81 406 1
e  329 445 -1
e  215 324 10
e  311 433 5
e  28 448 2
e  324 336 -3
e  436 437 10
e  32 273 1
e  206 319 -3
e  415 446 7
e  64 221 9
e  258 394 -1
e  60 227 5
e  382 428 7
e  128 350 2
e  67 317 5
e  246 263 -1
e  186 476 10
e  126 202 6
e  166 238 10
e  358 402 0
e  187 191 7
e  70 322 1
e  101 490 -5
e  100 321 6
e  8 167 -1
e  104 476 5
e  80 495 2
e  45 309 2
e  167 414 1
e  27 253 6
e  270 448 -4
e  3 321 4
e  220 303 -2
e  117 482 3
e  53 414 -5
e  5 434 0
e  134 354 2
e  156 436 10
e  459 494 6
e  219 409 -5
e  420 453 5
e  101 144 5
e  114 461 3
e  319 327 7
e  31 290 1
e  69 312 2
e  119 299 -4
e  54 206 -3
e  30 266 -2
e  231 436 8
e  37 272 -3
e  193 446 4
e  141 464 10
e  175 429 10
e  173 208 9
e  195 432 0
e  188 416 -3
e  119 211 6
e  266 336 -2
e  127 136 4
e  299 323 7
e  13 199 2
e  106 310 7
e  101 380 -5
e  350 457 6
e  424 483 6
e  95 143 7
e  102 381 10
e  44 61 -5
e  64 242 -2
e  103 171 8
e  164 255 5
e  218 232 5
e  26 343 2
e  407 426 7
e  276 413 -2
e  193 449 -1
e  73 299 1
e  285 307 -3
e  107 413 2
e  47 122 0
e  354 473 1
e  3 452 -1
e  6 330 3
e  288 403 10
e  5 128 -5
e  35 455 9
e  106 358 7
e  402 498 4
e  155 204 -3
e  189 247 5
e  160 202 -1
e  73 231 1
e  160 177 5
e  71 200 -4
e  65 317 10
e  50 404 -5
e  153 168 10
e  245 277 6
e  1 81 3
e  280 411 5
e  150 207 9
e  89 105 -5
e  132 260 5
e  78 222 -5
e  243 458 0
e  69 486 10
e  50 412 4
e  70 82 3
e  221 245 3
e  121 173 8
e  146 147 -5
e  90 393 -4
e  315 323 9
e  118 384 1
e  190 314 7
e  86 195 9
e  64 360 7
e  363 414 8
e  158 169 1
e  80 187 7
e  107 466 8
e  143 396 -1
e  137 308 -4
e  203 208 1
e  266 469 6
e  111 392 4
e  489 491 -1
e  156 357 6
e  455 460 4
e  115 437 4
e  11 451 1
e  112 161 -2
e  3 417 -4
e  426 441 -4
e  302 360 7
e  214 328 -5
e  226 481 -3
e  363 380 4
e  140 398 9
e  153 445 10
e  266 322 8
e  173 340 1
e  39 472 -1
e  199 495 -3
e  50 373 -3
e  33 245 -5
e  297 466 -3
e  31 465 1
e  13 496 5
e  81 257 8
e  108 384 6
e  164 371 -5
e  47 129 7
e  233 281 -3
e  74 301 2
e  124 259 -2
e  275 356 -5
e  119 129 9
e  197 260 -2
e  11 250 6
e  167 196 3
e  346 457 -3
e  315 373 -5
e  26 322 -4
e  53 390 1
e  43 199 4
e  167 210 10
e  33 168 5
e  73 394 -5
e  47 436 -2
e  75 401 10
e  363 371 -5
e  122 483 -1
e  179 454 1
e  310 422 8
e  165 376 -2
e  22 132 8
e  14 347 3
e  164 248 1
e  38 324 7
e  69 395 -1
e  226 391 10
e  323 447 3
e  292 354 2
e  10 160 8
e  92 339 2
e  87 253 2
e  115 186 -4
e  48 234 -4
e  138 161 1
e  226 426 9
e  133 264 6
e  77 81 -4
e  387 453 -2
e  196 483 7
e  140 197 -5
e  103 204 -4
e  262 496 -3
e  223 294 2
e  10 165 1
e  69 460 3
e  55 78 9
e  70 73 -4
e  129 240 0
e  263 317 2
e  381 382 2
e  428 435 0
e  308 401 10
e  8 429 -3
e  337 474 10
e  115 478 -5
e  204 399 7
e  320 428 -1
e  136 404 -2
e  457 459 8
e  158 164 9
e  104 316 9
e  121 340 7
e  318 323 -5
e  321 390 1
e  81 113 -5
e  289 466 10
e  79 227 -1
e  122 493 8
e  179 436 -1
e  114 328 1
e  59 361 -4
e  404 482 5
e  52 65 -4
e  44 247 8
e  57 482 4
e  321 386 6
e  104 451 10
e  156 195 -2
e  134 427 2
e  175 441 10
e  208 401 9
e  33 451 -5
e  379 405 2
e  219 263 1
e  27 202 5
e  194 252 1
e  53 159 1
e  153 389 -4
e  179 217 10
e  116 457 5
e  147 305 -5
e  346 497 9
e  114 302 8
e  125 151 5
e  131 278 5
e  2 336 10
e  103 262 -1
e  138 357 2
e  53 127 -5
e  83 139 6
e  283 391 -4
e  27 358 10
e  14 63 2
e  15 328 3
e  52 221 4
e  102 434 -2
e  135 290 2
e  165 367 -4
e  84 293 5
e  77 208 9
e  142 470 7
e  123 137 -2
e  7 76 9
e  76 82 10
e  40 117 3
e  223 376 -1
e  316 460 -4
e  36 416 0
e  137 231 -3
e  54 214 -3
e  318 480 -5
e  1 316 -3
e  380 388 5
e  151 334 0
e  76 199 0
e  153 284 -1
e  110 125 0
e  427 438 10
e  115 389 9
e  181 393 -4
e  231 489 -3
e  93 170 -4
e  195 221 8
e  5 335 0
e  74 455 8
e  173 493 -5
e  104 377 4
e  144 458 -1
e  163 499 10
e  119 407 -3
e  120 126 0
e  161 330 4
e  100 447 7
e  95 342 1
e  257 310 3
e  265 462 0
e  194 446 0
e  13 431 9
e  213 294 6
e  201 401 -1
e  131 232 9
e  9 492 -4
e  103 176 8
e  57 360 -2
e  25 471 -5
e  186 499 7
e  282 386 -3
e  128 477 5
e  110 310 2
e  229 461 9
e  9 291 -1
e  131 264 6
e  20 28 -1
e  192 414 -1
e  44 98 -5
e  124 254 -2
e  34 114 1
e  191 248 7
e  150 410 4
e  139 210 8
e  246 425 -3
e  125 440 -5
e  55 227 10
e  96 304 8
e  342 492 -5
e  252 411 4
e  136 213 -5
e  455 491 0
e  226 296 9
e  102 257 -3
e  235 375 5
e  314 396 1
e  93 471 0
e  9 13 6
e  162 359 1
e  273 299 2
e  1 18 5
e  0 129 3
e  134 314 -1
e  63 409 -5
e  416 423 5
e  22 425 0
e  48 342 7
e  33 237 10
e  170 213 1
e  343 475 2
e  308 463 7
e  128 431 10
e  237 410 -4
e  15 194 4
e  11 354 -5
e  187 330 5
e  423 470 -2
e  71 376 5
e  238 329 3
e  112 487 7
e  3 162 -2
e  158 389 -1
e  243 384 8
e  140 217 5
e  112 429 10
e  70 416 5
e  147 264 -1
e  193 253 6
e  458 479 -3
e  249 411 0
e  190 238 -4
e  333 426 1
e  57 77 2
e  235 238 0
e  120 356 1
e  322 492 -2
e  457 484 8
e  313 467 2
e  47 356 4
e  214 496 9
e  200 497 -2
e  156 379 6
e  172 224 -2
e  345 352 -3
e  125 360 -4
e  51 342 -3
e  39 291 10
e  200 353 -2
e  203 394 -3
e  458 466 -5
e  12 122 1
e  299 453 2
e  7 170 7
e  209 396 3
e  45 265 6
e  124 229 8
e  127 438 -2
e  276 482 4
e  13 172 10
e  91 373 7
e  20 469 1
e  158 197 -2
e  135 204 2
e  342 488 -1
e  40 59 6
e  429 489 -2
e  90 421 10
e  433 484 -3
e  403 454 -1
e  48 475 2
e  118 121 -5
e  39 205 -1
e  40 319 1
e  242 336 0
e  93 424 4
e  63 378 8
e  91 415 6
e  323 488 -2
e  144 391 5
e  251 354 0
e  125 169 10
e  243 481 6
e  5 188 7
e  193 295 -5
e  19 209 7
e  146 266 9
e  397 471 6
e  40 144 4
e  93 234 4
e  95 180 9
e  46 298 3
e  30 176 -1
e  284 407 5
e  299 355 7
e  455 469 -1
e  179 426 0
e  314 366 9
e  51 90 -5
e  340 455 4
e  48 381 -1
e  237 295 -2
e  79 356 4
e  285 400 -3
e  62 426 2
e  143 192 -3
e  189 374 0
e  289 479 -2
e  4 498 -1
e  32 424 3
e  227 330 -1
e  33 393 0
e  47 233 3
e  206 228 9
e  278 376 6
e  137 243 -1
e  179 208 -3
e  10 230 -3
e  179 196 -5
e  285 451 9
e  250 412 -1
e  151 454 0
e  199 246 0
e  127 318 0
e  302 460 8
e  359 474 -2
e  160 458 -2
e  70 230 9
e  306 439 -3
e  14 221 8
e  8 288 8
e  29 462 7
e  63 332 -4
e  77 499 4
e  127 142 -1
e  215 281 4
e  76 181 3
e  175 293 -1
e  241 248 -2
e  327 380 0
e  163 417 7
e  401 406 10
e  94 495 10
e  175 437 9
e  165 470 2
e  240 418 8
e  395 409 7
e  177 467 4
e  220 231 7
e  299 445 -2
e  217 428 9
e  348 459 0
e  161 257 3
e  84 359 9
e  95 199 6
e  181 234 3
e  103 470 -1
e  206 463 1
e  224 403 2
e  147 155 5
e  92 252 3
e  59 379 1
e  244 268 1
e  65 432 -4
e  87 97 -2
e  115 436 4
e  244 265 6
e  117 158 6
e  26 275 9
e  144 414 0
e  409 484 0
e  91 283 0
e  7 126 -2
e  89 384 8
e  492 493 -2
e  170 378 10
e  138 288 -3
e  17 485 10
e  80 341 2
e  24 335 1
e  281 378 0
e  46 355 -3
e  326 423 -5
e  221 460 0
e  261 440 3
e  38 89 1
e  80 243 10
e  81 225 9
e  62 323 2
e  179 410 1
e  352 391 0
e  190 453 2
e  64 98 -5
e  196 223 -1
e  242 321 10
e  393 408 9
e  346 401 -4
e  94 168 1
e  356 364 -1
e  191 408 -5
e  120 199 -4
e  353 409 1
e  332 395 -4
e  278 397 9
e  217 342 8
e  102 409 6
e  69 405 -1
e  10 138 -1
e  21 385 -1
e  7 78 -4
e  149 401 -4
e  367 441 4
e  241 302 -3
e  239 352 9
e  76 269 8
e  56 242 -3
e  122 156 -4
e  82 167 -3
e  118 284 4
e  10 357 7
e  111 232 -2
e  339 486 5
e  199 435 6
e  277 427 7
e  241 412 6
e  40 191 -4
e  23 39 1
e  55 345 0
e  104 152 1
e  141 363 7
e  56 454 0
e  24 339 0
e  272 399 -5
e  412 465 8
e  305 430 6
e  64 271 10
e  149 187 8
e  35 477 4
e  394 480 5
e  16 415 -5
e  236 455 9
e  172 442 0
e  22 244 8
e  12 427 -5
e  87 462 4
e  64 254 3
e  48 49 -2
e  89 269 1
e  245 286 6
e  250 411 7
e  65 423 4
e  15 130 1
e  186 255 -3
e  44 379 -1
e  70 267 8
e  140 342 10
e  8 183 -2
e  29 470 10
e  242 395 2
e  87 470 7
e  304 421 5
e  63 497 -3
e  93 265 0
e  144 415 6
e  276 472 0
e  25 372 6
e  364 447 -3
e  140 150 6
e  196 227 1
e  142 254 1
e  25 142 7
e  200 456 1
e  200 235 -3
e  203 282 0
e  271 445 -4
e  59 373 5
e  115 208 -5
e  96 293 -2
e  11 191 10
e  348 482 -3
e  293 427 7
e  209 298 -2
e  49 308 0
e  277 338 0
e  120 422 1
e  28 417 -2
e  184 381 6
e  54 400 -4
e  187 349 1
e  164 179 -4
e  210 318 -4
e  54 82 6
e  284 321 -5
e  281 400 8
e  105 328 7
e  83 90 8
e  259 453 4
e  255 391 3
e  141 438 -1
e  16 359 6
e  143 214 0
e  59 461 -2
e  24 231 0
e  236 240 -1
e  218 301 8
e  177 454 -5
e  280 415 1
e  318 385 4
e  104 141 1
e  475 489 6
e  51 152 3
e  246 304 4
e  177 323 0
e  54 385 -3
e  123 403 7
e  437 488 4
e  279 404 9
e  146 305 -1
e  155 437 -4
e  70 71 1
e  7 278 8
e  138 301 8
e  235 364 1
e  174 372 5
e  323 478 6
e  35 134 1
e  212 471 -2
e  203 291 -3
e  149 263 5
e  135 255 -3
e  124 342 -5
e  173 289 4
e  95 493 1
e  379 478 1
e  324 499 1
e  247 477 -1
e  209 381 3
e  361 388 4
e  151 243 6
e  174 434 -1
e  242 423 5
e  69 166 3
e  127 455 -5
e  295 414 10
e  40 495 0
e  418 419 5
e  247 467 4
e  168 390 5
e  383 494 9
e  247 255 8
e  189 340 5
e  166 493 -2
e  3 79 8
e  358 405 6
e  0 497 -4
e  177 396 8
e  85 491 -2
e  362 369 7
e  169 219 3
e  302 356 -1
e  10 451 -2
e  263 367 9
e  256 472 -4
e  313 454 6
e  40 308 0
e  14 447 7
e  200 494 5
e  354 367 2
e  103 316 -3
e  21 205 3
e  260 442 9
e  125 316 -3
e  31 182 -5
e  37 63 -4
e  124 243 3
e  363 377 3
e  154 230 9
e  134 221 2
e  323 414 -5
e  6 55 0
e  302 476 6
e  51 331 -2
e  117 149 1
e  69 243 3
e  91 173 7
e  161 294 10
e  267 389 -2
e  101 286 0
e  118 345 4
e  228 371 1
e  108 470 -3
e  109 260 1
e  122 387 4
e  109 323 -4
e  483 499 2
e  71 453 9
e  248 386 -1
e  64 395 3
e  51 341 1
e  229 381 4
e  48 334 -2
e  24 141 -2
e  278 412 5
e  437 468 9
e  91 379 10
e  409 412 8
e  251 493 5
e  51 116 1
e  44 349 7
e  352 364 -1
e  205 249 -5
e  85 479 -5
e  330 453 1
e  236 317 6
e  9 489 4
e  139 273 9
e  70 372 3
e  47 265 9
e  171 216 -5
e  9 483 6
e  94 201 -3
e  3 188 2
e  150 446 10
e  166 470 -2
e  50 445 7
e  6 423 3
e  66 340 4
e  52 74 3
e  57 436 9
e  196 307 0
e  69 95 0
e  194 375 4
e  239 499 4
e  71 333 6
e  25 224 7
e  137 197 -3
e  290 305 7
e  131 240 -3
e  24 152 1
e  9 196 10
e  144 285 8
e  300 495 -5
e  140 163 -2
e  418 429 3
e  18 341 0
e  25 139 5
e  281 313 -4
e  172 209 4
e  317 349 0
e  235 499 -1
e  122 127 10
e  373 395 -2
e  179 266 -5
e  97 323 6
e  398 448 -3
e  271 333 6
e  161 471 -5
e  138 194 10
e  87 497 2
e  375 427 1
e  227 238 2
e  272 405 3
e  113 285 -5
e  30 365 3
e  79 385 4
e  97 287 3
e  163 498 10
e  318 382 -2
e  77 494 -5
e  276 353 5
e  92 207 0
e  11 237 0
e  38 97 3
e  152 287 -4
e  226 271 -1
e  373 456 -2
e  84 426 3
e  172 332 2
e  214 481 -1
e  193 401 -4
e  190 380 8
e  203 429 10
e  104 193 -3
e  35 404 10
e  243 257 -3
e  138 325 -2
e  43 467 -5
e  188 499 4
e  204 468 8
e  0 359 -3
e  121 339 0
e  48 385 1
e  67 243 0
e  119 371 7
e  120 362 -4
e  265 361 5
e  32 224 8
e  72 346 6
e  189 486 9
e  290 339 -2
e  291 456 9
e  23 257 6
e  191 317 2
e  323 337 -2
e  215 254 3
e  56 289 8
e  87 406 9
e  426 430 1
e  110 293 -2
e  62 257 6
e  13 166 5
e  35 71 -3
e  121 350 -2
e  125 309 3
e  197 461 -4
e  211 391 -4
e  353 408 3
e  46 461 8
e  117 320 6
e  67 396 2
e  282 372 -1
e  242 487 7
e  279 311 -1
e  0 337 2
e  176 289 -3
e  438 450 10
e  105 249 -1
e  218 483 8
e  261 457 3
e  110 247 -5
e  334 454 -2
e  393 473 -5
e  228 379 5
e  389 479 -4
e  40 449 0
e  27 374 0
e  34 367 7
e  148 475 1
e  74 389 7
e  236 359 9
e  102 319 0
e  474 490 2
e  97 443 -5
e  336 497 0
e  70 460 7
e  54 186 1
e  212 275 1
e  97 476 3
e  287 410 -2
e  214 284 0
e  71 179 -1
e  294 424 -1
e  437 450 10
e  185 373 0
e  98 314 6
e  237 452 6
e  349 489 8
e  43 468 10
e  79 413 9
e  289 498 5
e  105 295 -4
e  216 434 1
e  23 145 6
e  164 423 6
e  92 488 4
e  77 485 1
e  95 427 -3
e  120 189 7
e  55 260 -3
e  19 248 -5
e  31 245 2
e  83 456 3
e  394 478 -3
e  73 458 -2
e  83 206 4
e  327 498 1
e  408 483 3
e  222 234 0
e  222 466 3
e  92 295 -4
e  166 466 0
e  314 395 9
e  20 117 3
e  152 184 -4
e  208 285 -2
e  334 393 2
e  252 257 -3
e  210 276 1
e  166 436 9
e  90 386 -2
e  195 318 0
e  263 299 3
e  149 478 0
e  15 103 -5
e  81 468 10
e  69 265 8
e  348 403 10
e  53 184 -4
e  306 405 5
e  285 291 4
e  96 177 3
e  155 241 9
e  339 376 -1
e  449 465 9
e  123 187 -2
e  76 471 -1
e  24 480 3
e  7 218 5
e  131 297 8
e  210 335 5
e  64 380 1
e  45 188 7
e  1 340 -4
e  317 391 7
e  336 468 -4
e  86 190 6
e  9 117 -1
e  56 205 -5
e  122 357 -3
e  139 480 -2
e  199 388 1
e  308 449 0
e  158 343 1
e  162 284 6
e  31 247 -3
e  153 413 10
e  323 434 10
e  228 400 4
e  438 477 1
e  121 408 7
e  139 357 6
e  64 381 -5
e  465 487 7
e  34 235 -3
e  160 304 -5
e  381 444 8
e  94 294 8
e  393 423 1
e  43 394 3
e  281 334 3
e  19 106 2
e  132 211 -4
e  194 231 1
e  47 102 6
e  77 111 -3
e  47 373 9
e  221 368 6
e  121 428 10
e  375 443 2
e  182 274 0
e  62 390 5
e  179 446 -2
e  184 366 6
e  19 441 4
e  163 208 6
e  53 384 7
e  65 112 6
e  299 348 5
e  264 314 -2
e  9 164 1
e  400 426 1
e  15 419 1
e  85 321 -1
e  302 414 10
e  111 446 0
e  103 261 4
e  388 437 -5
e  73 185 -5
e  0 87 -3
e  189 241 -4
e  45 311 0
e  14 275 5
e  105 232 6
e  344 352 9
e  210 392 -5
e  20 148 3
e  233 315 -1
e  261 301 -1
e  245 332 -1
e  30 431 8
e  77 452 2
e  47 301 9
e  162 186 8
e  64 460 3
e  123 181 -5
e  81 299 -4
e  111 361 -5
e  1 215 9
e  35 56 -4
e  158 296 7
e  195 259 -3
e  318 367 10
e  1 312 -3
e  275 365 5
e  351 366 8
e  56 455 2
e  235 488 1
e  23 479 -4
e  29 355 0
e  83 474 -1
e  310 313 5
e  41 444 -5
e  100 175 7
e  47 254 9
e  295 316 0
e  155 431 -3
e  181 255 7
e  141 423 10
e  210 382 3
e  209 403 -5
e  137 202 6
e  262 275 3
e  280 355 1
e  264 377 6
e  117 121 -1
e  138 498 9
e  391 420 -2
e  149 472 4
e  366 469 9
e  51 209 10
e  258 494 1
e  123 355 5
e  338 493 -1
e  462 467 3
e  428 429 4
e  291 396 -3
e  109 232 -3
e  177 389 8
e  163 343 -3
e  173 295 3
e  78 484 8
e  230 332 4
e  73 388 2
e  164 495 6
e  278 288 2
e  39 395 5
e  89 154 2
e  109 356 8
e  182 184 8
e  146 451 5
e  64 102 -4
e  258 379 8
e  181 285 4
e  67 85 -3
e  252 286 -5
e  466 480 3
e  57 376 -2
e  300 365 10
e  375 386 4
e  30 97 -1
e  44 471 10
e  162 422 0
e  162 445 2
e  247 390 4
e  383 490 9
e  3 349 -4
e  78 380 3
e  310 453 -5
e  17 321 0
e  87 130 4
e  3 82 4
e  79 249 1
e  409 438 5
e  368 423 -1
e  219 315 4
e  23 85 6
e  37 292 10
e  180 239 8
e  300 362 5
e  322 465 -5
e  102 363 9
e  42 240 10
e  65 106 7
e  178 323 9
e  154 401 10
e  76 445 2
e  56 82 9
e  95 347 -5
e  82 417 0
e  278 394 -1
e  100 367 -3
e  242 360 0
e  56 403 -5
e  226 390 5
e  324 450 -3
e  89 126 9
e  96 478 4
e  92 190 5
e  90 457 4
e  210 222 7
e  166 276 4
e  319 373 -4
e  25 152 6
e  219 379 1
e  233 419 4
e  147 487 -3
e  225 426 2
e  89 167 0
e  24 452 5
e  115 328 5
e  423 454 3
e  254 418 0
e  202 231 5
e  282 319 10
e  162 453 1
e  217 465 8
e  358 415 7
e  244 478 1
e  101 218 -4
e  313 416 5
e  4 8 -3
e  260 345 4
e  119 361 10
e  244 283 5
e  240 249 -2
e  112 312 8
e  317 457 0
e  89 455 5
e  285 391 3
e  334 450 0
e  210 445 9
e  83 118 1
e  213 483 1
e  57 433 8
e  216 366 6
e  32 410 5
e  213 298 9
e  59 139 -4
e  10 463 7
e  142 309 3
e  205 442 9
e  206 472 9
e  280 281 -4
e  218 498 10
e  439 492 -4
e  23 388 -2
e  117 215 10
e  22 129 9
e  182 359 -4
e  54 218 1
e  148 471 6
e  269 461 4
e  38 181 -1
e  36 300 -4
e  335 407 -1
e  4 38 9
e  300 337 -5
e  116 131 0
e  21 367 -5
e  172 307 8
e  125 182 -1
e  48 57 8
e  5 34 7
e  267 438 0
e  59 191 5
e  371 410 6
e  370 457 -5
e  141 268 7
e  39 370 -1
e  285 426 1
e  181 452 -1
e  110 496 7
e  41 366 9
e  137 348 10
e  91 465 5
e  118 124 7
e  123 314 7
e  65 280 4
e  4 96 7
e  406 443 4
e  367 447 6
e  194 417 4
e  225 251 10
e  22 450 -5
e  352 466 -1
e  323 470 9
e  18 43 5
e  200 432 8
e  295 355 -5
e  408 472 1
e  209 320 5
e  93 279 0
e  165 270 2
e  117 285 8
e  205 490 10
e  248 376 0
e  97 143 -2
e  89 149 -1
e  373 375 8
e  253 349 -5
e  38 435 10
e  391 394 -4
e  78 364 -1
e  230 354 6
e  277 414 6
e  48 324 1
e  84 435 9
e  12 231 4
e  178 200 -1
e  217 236 7
e  291 390 -5
e  241 335 4
e  138 404 -3
e  181 418 -3
e  35 235 6
e  110 317 8
e  47 174 3
e  177 315 6
e  149 413 6
e  19 213 9
e  156 424 8
e  242 323 -5
e  114 331 1
e  235 497 6
e  354 497 7
e  203 270 5
e  168 495 6
e  22 431 2
e  166 471 -2
e  154 378 9
e  13 418 4
e  7 321 6
e  383 399 -2
e  476 482 2
e  136 182 7
e  103 277 -4
e  25 331 3
e  291 405 6
e  144 183 -5
e  177 452 8
e  20 314 5
e  303 323 7
e  10 355 8
e  290 314 7
e  265 279 4
e  445 452 -1
e  236 262 -2
e  82 187 6
e  384 482 1
e  170 319 -2
e  264 281 -2
e  80 286 1
e  327 431 -4
e  173 257 1
e  20 37 -3
e  38 175 -1
e  181 497 6
e  101 277 3
e  255 448 -1
e  453 480 7
e  25 161 -5
e  30 242 1
e  75 436 8
e  445 456 -3
e  7 232 2
e  62 221 5
e  191 261 3
e  183 374 -2
e  318 491 10
e  115 447 9
e  232 262 10
e  106 208 3
e  28 132 6
e  149 438 9
e  31 41 -3
e  228 250 3
e  239 335 4
e  170 181 -1
e  143 400 -4
e  22 98 8
e  91 385 10
e  164 166 5
e  207 268 -5
e  161 180 9
e  317 425 6
e  106 424 -5
e  268 294 -1
e  121 192 10
e  250 358 9
e  190 493 -5
e  12 167 -4
e  109 144 3
e  246 424 4
e  173 189 -2
e  2 396 1
e  335 467 5
e  80 394 5
e  78 344 -2
e  293 317 8
e  146 233 9
e  410 455 2
e  225 394 1
e  121 377 0
e  243 483 3
e  92 278 -3
e  183 312 -3
e  135 349 10
e  147 345 4
e  311 432 4
e  220 424 6
e  23 106 9
e  39 463 10
e  327 447 10
e  12 114 -5
e  12 227 2
e  294 346 5
e  321 477 4
e  68 256 7
e  129 353 5
e  221 414 10
e  182 422 -1
e  5 45 -3
e  8 393 7
e  412 413 9
e  90 208 -5
e  316 411 5
e  10 251 7
e  106 250 -3
e  189 269 0
e  138 276 6
e  124 160 -1
e  425 481 -5
e  262 311 6
e  35 352 7
e  187 343 1
e  183 198 -1
e  155 450 7
e  55 187 3
e  232 374 5
e  313 446 6
e  111 301 3
e  131 411 6
e  422 484 10
e  4 280 9
e  167 351 1
e  228 404 9
e  99 172 -5
e  394 434 4
e  170 365 9
e  20 490 5
e  211 267 5
e  120 435 -1
e  28 145 0
e  101 252 7
e  22 443 4
e  240 245 6
e  267 324 6
e  45 448 -3
e  35 47 -2
e  185 395 1
e  206 258 9
e  380 432 10
e  61 452 -1
e  21 393 0
e  181 303 3
e  399 419 0
e  14 306 0
e  136 460 4
e  134 498 2
e  485 490 6
e  52 370 5
e  368 447 7
e  70 333 -1
e  423 499 1
e  220 252 7
e  84 327 10
e  217 224 9
e  117 294 -1
e  254 304 2
e  97 171 -2
e  39 476 10
e  51 173 -4
e  110 446 6
e  0 453 -2
e  305 435 -1
e  406 441 5
e  143 361 -4
e  377 430 -3
e  270 437 4
e  150 448 4
e  421 445 4
e  395 488 -5
e  173 234 -2
e  112 369 -1
e  302 438 0
e  403 415 7
e  181 315 4
e  91 376 -4
e  282 304 5
e  266 397 10
e  41 462 0
e  111 366 -1
e  196 415 10
e  84 170 6
e  173 360 -5
e  78 118 5
e  343 449 2
e  439 465 2
e  158 236 10
e  87 459 6
e  44 310 6
e  359 388 7
e  256 377 6
e  338 428 5
e  277 354 -2
e  61 290 3
e  24 282 6
e  316 483 1
e  126 236 -1
e  2 417 -1
e  255 467 3
e  38 478 6
e  234 250 10
e  241 357 8
e  272 294 5
e  6 89 -2
e  93 146 6
e  67 427 -5
e  53 182 -3
e  372 489 5
e  17 446 5
e  82 343 0
e  100 487 -1
e  51 110 -3
e  366 489 -1
e  14 291 2
e  42 234 0
e  199 489 5
e  119 241 3
e  52 130 5
e  148 156 9
e  150 324 -1
e  200 477 10
e  314 393 7
e  18 22 -2
e  298 406 6
e  158 378 -1
e  102 263 -2
e  64 357 2
e  445 484 -3
e  246 460 -5
e  156 443 3
e  99 338 -4
e  131 489 9
e  480 487 -5
e  140 153 -4
e  321 418 8
e  34 176 1
e  319 324 5
e  393 476 -1
e  125 283 -3
e  190 272 -2
e  45 170 9
e  22 100 0
e  133 153 3
e  389 481 10
e  145 386 5
e  44 113 1
e  105 441 3
e  142 429 -2
e  5 468 5
e  18 231 1
e  198 366 9
e  21 154 5
e  93 123 5
e  121 138 10
e  35 424 10
e  276 301 2
e  62 443 5
e  171 396 -1
e  115 460 -1
e  0 412 5
e  60 98 -3
e  218 333 8
e  95 210 -3
e  293 397 0
e  172 195 8
e  85 384 -4
e  328 352 0
e  16 174 2
e  36 433 8
e  218 289 -4
e  20 107 5
e  45 57 9
e  164 411 -5
e  33 38 2
e  303 330 4
e  96 327 8
e  166 203 -3
e  108 137 -1
e  232 395 -1
e  38 304 2
e  218 354 7
e  132 234 0
e  107 458 6
e  300 377 5
e  158 315 -3
e  3 479 -1
e  244 316 10
e  38 406 7
e  362 395 6
e  72 348 10
e  218 262 8
e  56 420 7
e  15 255 0
e  87 494 4
e  259 294 -3
e  41 206 1
e  291 418 6
e  36 468 4
e  309 338 3
e  260 375 -2
e  210 490 3
e  32 243 4
e  39 119 5
e  39 129 5
e  223 373 1
e  170 222 -4
e  97 489 10
e  4 30 4
e  58 181 1
e  364 445 5
e  161 272 2
e  1 375 1
e  33 282 9
e  120 232 4
e  26 170 3
e  340 472 4
e  339 497 0
e  309 355 -1
e  172 390 -2
e  37 117 -2
e  308 448 4
e  220 392 5
e  117 246 5
e  89 196 0
e  369 372 -4
e  234 466 9
e  57 390 10
e  397 453 -3
e  10 184 8
e  72 496 -3
e  3 429 -3
e  181 340 -1
e  96 181 6
e  54 343 -5
e  252 283 9
e  226 432 0
e  38 243 7
e  209 229 0
e  191 265 9
e  372 388 0
e  402 461 -3
e  83 310 -5
e  312 399 -4
e  87 361 -2
e  216 407 -5
e  304 450 5
e  110 233 8
e  236 279 8
e  62 126 7
e  14 463 1
e  25 291 9
e  167 239 8
e  78 91 -5
e  74 257 8
e  4 274 -4
e  164 451 9
e  111 378 1
e  54 224 3
e  5 281 -2
e  117 133 6
e  95 244 9
e  74 255 4
e  93 218 -5
e  28 457 9
e  81 209 5
e  413 477 10
e  123 236 -5
e  13 223 0
e  123 326 3
e  138 462 4
e  142 450 8
e  30 362 7
e  267 335 7
e  252 262 -2
e  17 52 7
e  66 88 4
e  59 305 -2
e  108 152 3
e  110 330 -2
e  164 196 7
e  219 230 6
e  210 315 9
e  296 454 -2
e  2 372 10
e  338 478 10
e  169 286 -2
e  429 485 5
e  303 416 3
e  56 69 -3
e  145 338 -5
e  6 430 3
e  2 56 -5
e  163 266 4
e  0 34 3
e  85 411 9
e  257 435 7
e  205 455 -5
e  73 200 9
e  115 344 1
e  143 347 -3
e  249 275 -3
e  234 317 3
e  367 493 -3
e  279 323 5
e  83 358 1
e  372 425 9
e  340 425 10
e  36 402 -3
e  341 413 -3
e  256 489 8
e  8 100 5
e  35 248 6
e  28 459 1
e  93 328 -1
e  0 109 -3
e  297 492 -2
e  182 430 -3
e  154 399 -4
e  253 460 -1
e  195 258 3
e  350 374 6
e  181 257 2
e  400 431 6
e  39 109 5
e  155 249 5
e  7 92 9
e  372 470 3
e  105 361 9
e  279 423 8
e  320 492 5
e  161 342 3
e  24 41 -1
e  148 391 7
e  94 233 5
e  290 471 7
e  54 464 1
e  101 388 2
e  103 358 8
e  285 332 6
e  232 242 5
e  39 262 1
e  202 303 6
e  190 292 3
e  375 483 -3
e  56 202 -2
e  60 171 4
e  195 498 -1
e  276 288 -4
e  79 142 1
e  347 388 3
e  93 124 -5
e  73 370 5
e  269 464 1
e  123 462 7
e  128 369 6
e  97 185 -5
e  385 409 9
e  247 433 0
e  204 334 7
e  315 402 3
e  233 474 -3
e  108 414 0
e  52 163 4
e  65 478 9
e  177 495 -3
e  9 401 3
e  268 314 5
e  9 446 5
e  81 342 2
e  283 433 9
e  156 438 3
e  122 270 10
e  275 324 0
e  129 136 9
e  38 313 2
e  27 268 -4
e  218 365 3
e  355 460 10
e  385 471 -2
e  61 485 6
e  23 71 2
e  100 289 1
e  305 381 4
e  246 484 8
e  51 55 -4
e  131 311 4
e  125 210 7
e  46 159 6
e  20 360 -2
e  236 458 4
e  66 209 3
e  98 189 6
e  428 492 8
e  52 288 9
e  142 164 8
e  157 478 3
e  283 326 -4
e  198 452 2
e  166 460 5
e  376 470 9
e  256 432 2
e  291 488 6
e  82 375 5
e  146 203 -2
e  180 182 6
e  223 224 9
e  121 382 5
e  305 484 9
e  154 155 6
e  361 398 -2
e  14 257 1
e  335 402 5
e  413 454 7
e  94 214 8
e  24 366 -3
e  203 487 7
e  215 234 -2
e  250 348 3
e  260 352 -1
e  217 391 1
e  257 346 -3
e  266 364 1
e  365 459 -3
e  55 206 -1
e  116 218 -3
e  80 464 -3
e  314 456 1
e  34 132 -2
e  24 462 1
e  70 495 4
e  140 441 9
e  336 374 -2
e  45 189 -4
e  104 240 -2
e  106 378 7
e  94 123 4
e  274 415 3
e  158 403 1
e  252 317 -1
e  219 428 9
e  324 375 4
e  213 338 10
e  20 215 -5
e  13 157 -4
e  260 395 8
e  292 469 2
e  129 314 2
e  326 433 2
e  224 482 10
e  372 458 10
e  68 491 -4
e  112 178 -4
e  266 495 -2
e  219 422 -3
e  50 385 0
e  8 391 10
e  206 486 8
e  169 380 0
e  442 496 0
e  49 386 4
e  370 447 6
e  14 360 1
e  43 404 7
e  49 454 6
e  90 183 5
e  216 228 5
e  176 486 10
e  83 451 8
e  176 433 1
e  184 206 0
e  20 160 -4
e  286 465 3
e  266 361 5
e  5 417 -4
e  126 342 -3
e  168 421 10
e  199 468 5
e  39 141 7
e  210 305 4
e  302 339 10
e  41 352 -1
e  333 397 7
e  278 444 3
e  252 303 -2
e  234 256 6
e  177 421 10
e  100 380 4
e  328 486 9
e  24 471 9
e  82 471 -4
e  95 354 -2
e  280 407 4
e  266 341 5
e  105 329 5
e  33 323 -4
e  8 373 -5
e  48 198 10
e  34 463 7
e  360 449 -5
e  136 350 4
e  228 235 1
e  12 304 1
e  244 262 -3
e  218 322 0
e  41 394 -4
e  21 81 -2
e  44 112 -5
e  144 223 3
e  152 247 8
e  80 172 3
e  221 335 4
e  36 232 10
e  80 258 -2
e  235 266 -1
e  147 482 -1
e  165 252 -4
e  73 262 7
e  81 236 -3
e  135 395 -2
e  397 433 7
e  168 366 7
e  123 469 3
e  108 215 2
e  177 372 -2
e  279 415 3
e  322 347 3
e  261 495 2
e  318 388 1
e  35 355 -5
e  80 185 -1
e  307 441 8
e  52 480 7
e  34 351 3
e  281 412 -3
e  256 385 7
e  53 236 5
e  286 416 6
e  10 53 0
e  119 422 10
e  358 495 -2
e  306 339 -5
e  21 429 -3
e  35 65 -4
e  276 414 8
e  162 315 1
e  51 366 0
e  305 462 1
e  116 132 6
e  83 491 -1
e  125 268 -5
e  173 407 10
e  219 302 4
e  264 490 7
e  374 401 10
e  347 475 10
e  379 472 5
e  43 275 6
e  143 177 5
e  323 361 4
e  128 280 6
e  122 332 -1
e  177 263 -3
e  29 55 0
e  67 314 8
e  164 330 4
e  113 147 -2
e  286 349 -3
e  254 297 5
e  351 433 9
e  98 250 -4
e  124 186 0
e  110 416 1
e  74 371 0
e  127 339 10
e  240 390 5
e  152 318 9
e  472 494 -4
e  141 228 8
e  61 110 6
e  278 453 6
e  357 407 10
e  170 449 8
e  64 409 -3
e  347 403 -5
e  289 443 0
e  207 375 2
e  212 231 -5
e  182 346 5
e  86 354 1
e  105 273 3
e  74 357 6
e  91 446 -3
e  238 471 8
e  91 251 -2
e  56 497 -3
e  249 358 3
e  459 476 10
e  192 411 0
e  202 388 10
e  94 260 0
e  226 244 4
e  455 468 7
e  89 143 -1
e  176 418 -5
e  14 491 -2
e  54 258 -2
e  337 491 8
e  24 348 8
e  79 434 -1
e  322 357 8
e  26 482 2
e  125 214 6
e  12 76 9
e  326 363 3
e  82 324 2
e  214 235 0
e  477 483 3
e  31 158 9
e  7 455 -2
e  207 444 -2
e  192 446 -4
e  346 447 3
e  41 74 0
e  291 367 10
e  229 428 6
e  352 425 6
e  221 290 -5
e  168 211 7
e  303 378 7
e  168 353 -3
e  397 417 -2
e  293 476 10
e  128 392 4
e  107 373 4
e  29 326 -5
e  1 439 9
e  30 308 1
e  104 412 10
e  250 260 -5
e  36 163 3
e  282 408 5
e  331 409 10
e  166 485 1
e  47 57 -5
e  203 316 0
e  331 350 8
e  219 306 9
e  77 103 9
e  372 479 8
e  237 498 7
e  101 381 9
e  191 300 10
e  293 306 1
e  247 290 10
e  71 246 6
e  103 120 -5
e  73 490 -3
e  27 249 0
e  116 442 6
e  77 325 6
e  259 330 1
e  71 278 -3
e  39 63 10
e  226 425 3
e  98 131 -4
e  206 391 0
e  55 431 4
e  120 312 1
e  191 227 -4
e  221 380 5
e  333 494 1
e  118 183 5
e  213 425 7
e  83 324 3
e  71 435 2
e  25 38 8
e  59 304 9
e  145 343 8
e  169 294 5
e  324 334 1
e  100 408 5
e  181 486 9
e  429 473 0
e  218 460 2
e  47 124 0
e  14 317 10
e  205 244 -2
e  83 484 2
e  79 144 6
e  168 294 9
e  83 448 0
e  4 22 0
e  77 93 4
e  73 296 -4
e  21 471 -2
e  203 286 0
e  173 224 10
e  325 360 8
e  8 271 1
e  56 411 10
e  285 394 3
e  185 203 6
e  40 200 0
e  94 341 -5
e  409 440 8
e  13 444 5
e  27 371 7
e  203 409 3
e  207 255 1
e  88 281 -1
e  415 437 -1
e  346 469 4
e  168 244 6
e  257 387 4
e  185 451 -2
e  294 393 9
e  76 477 -5
e  100 273 1
e  252 320 3
e  5 430 9
e  234 293 -1
e  17 384 1
e  214 313 8
e  88 273 7
e  87 235 3
e  5 391 7
e  377 382 5
e  219 498 9
e  66 165 7
e  343 493 1
e  106 380 1
e  85 121 -4
e  212 446 8
e  29 210 0
e  29 318 2
e  175 499 -3
e  123 443 -5
e  55 451 4
e  11 283 4
e  40 134 4
e  66 160 4
e  171 336 9
e  25 391 7
e  219 420 2
e  198 233 9
e  13 44 6
e  44 275 4
e  34 399 -3
e  160 390 9
e  95 256 2
e  186 483 -1
e  301 445 -4
e  56 442 -4
e  10 67 -5
e  104 458 7
e  188 261 10
e  87 125 -3
e  119 473 1
e  46 148 10
e  64 334 9
e  140 284 -5
e  16 340 -1
e  7 70 -5
e  133 473 -4
e  166 185 2
e  24 139 4
e  160 275 5
e  147 220 7
e  248 408 -5
e  67 121 0
e  30 110 7
e  33 155 -1
e  149 208 0
e  229 475 2
e  212 444 8
e  122 124 4
e  183 452 1
e  294 396 10
e  38 207 8
e  367 495 1
e  79 87 3
e  228 296 9
e  14 305 9
e  175 475 -4
e  255 436 7
e  282 464 7
e  139 401 10
e  100 115 7
e  102 341 4
e  22 167 -4
e  358 395 4
e  265 304 1
e  56 422 -3
e  4 384 7
e  109 455 10
e  111 143 9
e  287 335 -3
e  148 329 -2
e  62 469 7
e  48 347 -1
e  327 365 9
e  199 243 -1
e  182 373 -5
e  324 345 7
e  53 480 4
e  104 360 -2
e  203 373 8
e  35 466 5
e  16 207 2
e  14 105 6
e  121 262 5
e  357 378 6
e  418 486 -1
e  42 487 5
e  55 168 7
e  95 176 0
e  87 436 3
e  55 490 1
e  198 313 10
e  241 365 7
e  200 249 -2
e  173 326 9
e  20 295 5
e  148 336 -1
e  3 241 10
e  43 190 -2
e  67 463 9
e  238 413 -1
e  35 330 5
e  70 143 0
e  142 297 -4
e  17 71 -1
e  155 185 -1
e  266 475 4
e  59 66 10
e  14 344 6
e  61 88 10
e  143 158 3
e  224 354 -1
e  112 403 -5
e  202 417 3
e  12 409 7
e  355 385 -1
e  28 359 8
e  450 471 10
e  46 72 2
e  289 304 -4
e  297 461 1
e  306 443 4
e  263 460 -4
e  418 449 10
e  68 161 1
e  371 474 3
e  101 256 -5
e  45 216 -3
e  225 318 0
e  12 300 4
e  220 225 6
e  326 384 -5
e  284 433 -2
e  139 140 -3
e  255 307 2
e  246 483 -4
e  253 269 -5
e  213 437 8
e  140 226 -2
e  49 393 3
e  336 490 -4
e  17 165 -5
e  74 297 0
e  47 323 9
e  248 427 -5
e  75 129 1
e  384 470 -1
e  2 17 2
e  37 276 8
e  16 275 -3
e  254 376 6
e  225 315 9
e  279 315 9
e  85 220 2
e  154 170 4
e  13 372 7
e  27 106 -2
e  56 83 -3
e  239 288 6
e  9 376 -3
e  199 460 1
e  19 296 2
e  131 308 -2
e  312 374 6
e  179 424 -2
e  139 472 -5
e  186 278 -2
e  121 160 4
e  398 472 4
e  123 359 5
e  162 245 -1
e  321 370 4
e  166 389 5
e  117 157 -1
e  401 437 1
e  0 64 1
e  268 353 7
e  452 456 6
e  112 208 -5
e  309 431 5
e  35 194 -2
e  3 333 -3
e  172 456 9
e  209 273 1
e  147 181 10
e  22 329 7
e  323 393 10
e  223 255 10
e  325 422 -1
e  90 475 -5
e  101 296 -5
e  195 368 -2
e  273 306 8
e  154 359 -1
e  363 444 -5
e  161 401 -1
e  301 421 10
e  175 185 10
e  8 231 -5
e  249 366 10
e  188 220 -2
e  154 298 4
e  300 320 0
e  223 413 10
e  181 458 -5
e  121 217 2
e  107 179 6
e  163 271 -5
e  114 275 10
e  257 261 -4
e  40 266 -1
e  69 114 7
e  154 489 2
e  55 80 -1
e  122 494 7
e  327 433 9
e  361 499 -2
e  45 250 -4
e  256 359 4
e  74 161 7
e  43 348 1
e  271 359 1
e  170 392 6
e  183 397 10
e  103 163 -5
e  22 468 8
e  403 409 3
e  164 326 7
e  25 104 -2
e  10 174 10
e  7 414 6
e  10 353 -4
e  26 282 -5
e  34 441 0
e  278 310 10
e  57 86 -1
e  65 137 -2
e  284 469 1
e  150 391 9
e  61 499 -5
e  20 113 10
e  265 349 1
e  144 473 5
e  114 285 -4
e  196 297 -1
e  118 362 8
e  119 281 0
e  382 394 -2
e  450 472 1
e  159 449 0
e  168 492 -5
e  272 385 8
e  42 479 8
e  396 483 9
e  2 130 -2
e  19 461 -1
e  98 270 -5
e  205 279 7
e  40 380 -2
e  299 410 3
e  343 492 0
e  2 181 3
e  228 294 -2
e  39 270 0
e  78 142 9
e  16 50 1
e  192 210 7
e  36 292 2
e  174 181 -3
e  58 212 9
e  295 477 6
e  118 426 -1
e  137 160 -2
e  11 58 10
e  331 397 -5
e  148 477 -4
e  37 186 7
e  496 498 -2
e  248 491 9
e  48 395 0
e  118 140 7
e  175 422 9
e  369 405 -4
e  263 280 -5
e  124 135 1
e  14 217 5
e  319 408 10
e  28 92 7
e  227 335 8
e  43 74 8
e  299 411 9
e  20 23 3
e  193 395 3
e  147 234 10
e  423 492 4
e  186 356 -4
e  123 352 4
e  270 475 -2
e  37 375 8
e  123 426 2
e  235 466 0
e  77 236 7
e  58 294 10
e  93 418 10
e  255 431 -4
e  154 428 3
e  15 106 2
e  81 284 1
e  158 218 7
e  304 355 -2
e  131 178 10
e  127 157 4
e  63 385 -3
e  30 213 -2
e  85 428 -5
e  3 473 3
e  449 492 8
e  114 226 -5
e  195 213 5
e  330 472 1
e  23 308 3
e  197 299 5
e  158 318 -4
e  97 257 8
e  182 378 -4
e  208 319 -1
e  165 295 3
e  129 482 -2
e  87 400 -1
e  424 429 6
e  262 290 2
e  258 429 -3
e  333 344 9
e  80 395 2
e  42 348 8
e  123 344 2
e  14 142 -5
e  396 425 -1
e  117 218 8
e  315 407 5
e  71 180 5
e  303 423 2
e  155 496 1
e  130 371 -4
e  92 439 10
e  350 466 3
e  347 438 7
e  50 133 8
e  175 421 3
e  243 373 -4
e  354 460 8
e  13 201 0
e  216 351 10
e  69 397 10
e  99 488 7
e  232 455 5
e  125 476 2
e  407 466 6
e  83 114 1
e  102 258 -3
e  59 403 6
e  63 359 10
e  102 193 5
e  330 373 6
e  173 324 -4
e  257 428 -3
e  161 422 8
e  33 412 7
e  181 316 3
e  238 364 -3
e  413 451 -2
e  32 433 1
e  217 228 5
e  128 170 9
e  227 353 -3
e  252 464 1
e  148 244 -2
e  292 362 0
e  89 304 2
e  164 364 2
e  236 430 -3
e  83 339 9
e  34 63 -5
e  282 466 0
e  120 436 3
e  149 235 9
e  283 478 5
e  256 267 9
e  26 480 9
e  91 178 4
e  177 322 6
e  447 450 -3
e  162 268 5
e  98 103 -4
e  375 391 10
e  18 412 -2
e  198 273 5
e  141 300 9
e  226 238 6
e  230 301 -5
e  128 201 -3
e  360 397 9
e  249 291 7
e  181 437 6
e  56 119 2
e  144 341 3
e  220 307 -1
e  300 386 0
e  110 391 5
e  117 449 -3
e  32 373 3
e  30 48 -1
e  91 339 1
e  249 486 8
e  257 472 0
e  71 299 5
e  224 435 0
e  227 442 5
e  36 409 -4
e  132 436 -4
e  244 256 8
e  231 329 9
e  279 293 -4
e  436 495 -2
e  279 374 4
e  21 386 8
e  391 484 -2
e  153 187 7
e  13 232 10
e  49 280 -4
e  57 464 1
e  334 407 -4
e  57 232 6
e  25 401 3
e  203 478 7
e  105 151 0
e  270 399 4
e  103 401 -1
e  280 448 -5
e  22 178 -2
e  48 420 -1
e  372 419 -4
e  79 257 1
e  87 156 -2
e  261 469 2
e  376 476 -2
e  194 239 4
e  12 81 10
e  12 204 -4
e  66 269 4
e  69 302 4
e  92 384 7
e  172 201 7
e  116 340 -3
e  10 343 -3
e  24 237 8
e  212 447 1
e  88 449 6
e  92 271 7
e  381 407 5
e  57 167 -5
e  165 369 7
e  419 436 3
e  28 205 -3
e  193 392 8
e  7 122 -1
e  107 356 1
e  152 252 0
e  175 254 5
e  49 67 1
e  84 117 -5
e  264 369 -2
e  348 363 -3
e  154 297 7
e  14 181 4
e  215 337 2
e  63 451 1
e  21 488 -1
e  0 413 9
e  6 263 -1
e  29 156 4
e  271 484 7
e  210 407 -5
e  233 446 2
e  22 82 1
e  149 340 -4
e  330 481 9
e  42 458 1
e  350 368 -2
e  6 79 -4
e  254 450 10
e  1 68 5
e  25 485 2
e  51 350 0
e  206 495 -3
e  252 491 8
e  100 369 6
e  127 489 0
e  360 468 -1
e  126 403 8
e  96 369 8
e  421 475 8
e  165 257 4
e  59 322 4
e  190 279 1
e  256 451 5
e  60 375 3
e  86 364 -4
e  177 262 7
e  208 378 -1
e  325 344 -3
e  373 380 4
e  30 398 -2
e  167 288 -4
e  24 149 -1
e  109 158 7
e  265 446 -3
e  114 485 -1
e  102 130 2
e  81 99 -2
e  109 234 6
e  67 232 -2
e  77 210 -2
e  151 448 4
e  134 436 4
e  222 375 6
e  288 325 -1
e  149 431 5
e  392 459 2
e  248 482 7
e  176 210 -2
e  206 313 5
e  223 434 -2
e  30 318 -3
e  73 176 -1
e  6 292 -2
e  311 392 -4
e  279 289 0
e  11 483 3
e  215 241 10
e  43 247 -2
e  126 170 1
e  34 246 7
e  302 315 -1
e  117 248 10
e  47 172 -3
e  278 442 4
e  5 459 0
e  303 438 0
e  2 280 10
e  5 134 9
e  181 313 -2
e  105 436 4
e  136 273 5
e  216 406 7
e  239 330 0
e  182 429 8
e  251 262 4
e  150 185 4
e  95 328 2
e  342 464 2
e  136 484 0
e  197 272 7
e  27 77 -4
e  194 448 6
e  161 368 6
e  244 347 -5
e  333 462 2
e  293 341 -5
e  2 437 0
e  165 171 -5
e  34 121 5
e  54 421 10
e  240 301 0
e  4 393 8
e  280 446 7
e  17 76 6
e  386 419 5
e  11 156 0
e  124 433 1
e  341 424 -2
e  147 331 7
e  80 491 4
e  422 427 -3
e  179 357 -1
e  105 145 3
e  137 447 9
e  377 381 -2
e  33 322 5
e  102 320 7
e  109 225 5
e  391 418 -4
e  182 259 6
e  55 218 -3
e  403 408 1
e  124 326 5
e  58 242 -3
e  119 152 -1
e  208 365 2
e  36 57 3
e  301 424 6
e  290 342 -4
e  331 453 -5
e  313 351 5
e  64 145 2
e  83 411 -4
e  204 332 4
e  222 266 7
e  109 126 5
e  71 312 -1
e  165 337 -4
e  175 407 3
e  116 259 -2
e  55 118 -2
e  262 319 6
e  87 429 -5
e  13 106 7
e  69 78 -4
e  104 277 -3
e  182 286 10
e  451 487 2
e  183 215 -4
e  116 222 0
e  358 400 -1
e  170 272 9
e  127 497 -1
e  163 336 4
e  45 424 -1
e  76 476 8
e  125 356 -5
e  141 360 -3
e  5 140 -1
e  277 419 9
e  441 460 3
e  73 76 8
e  61 320 -3
e  144 468 0
e  106 277 -5
e  276 496 -4
e  228 257 7
e  17 378 6
e  26 495 4
e  74 478 -4
e  49 79 -1
e  349 424 6
e  48 86 1
e  305 349 -1
e  80 261 -3
e  151 276 4
e  214 321 7
e  113 152 -2
e  11 98 10
e  112 441 2
e  217 297 10
e  176 375 1
e  77 495 2
e  346 400 0
e  320 331 0
e  10 278 -1
e  153 273 -5
e  88 162 4
e  163 197 -5
e  60 392 0
e  101 372 6
e  174 256 -3
e  76 385 -2
e  72 246 7
e  357 377 6
e  120 317 -2
e  22 350 8
e  147 258 7
e  340 395 3
e  304 346 -5
e  85 279 5
e  89 322 10
e  333 473 -4
e  202 420 10
e  86 484 -2
e  81 350 10
e  94 429 5
e  246 329 10
e  239 474 2
e  166 169 6
e  294 497 -2
e  449 461 4
e  136 485 -1
e  99 365 -1
e  19 436 -1
e  40 46 0
e  375 377 -4
e  187 231 -1
e  102 162 -1
e  167 186 -4
e  89 325 -3
e  323 326 6
e  267 445 2
e  164 252 6
e  357 404 -4
e  91 327 5
e  156 265 9
e  137 316 10
e  298 409 -1
e  197 238 -5
e  25 488 8
e  374 402 8
e  20 370 8
e  317 388 -3
e  61 437 4
e  25 76 1
e  20 200 -4
e  82 158 8
e  242 397 1
e  87 255 6
e  149 180 -2
e  297 386 1
e  236 432 7
e  19 251 -1
e  15 352 -3
e  192 496 7
e  265 451 1
e  175 208 -4
e  310 438 -5
e  4 350 1
e  118 303 0
e  57 174 9
e  141 143 -5
e  197 339 8
e  220 451 10
e  90 93 -1
e  346 382 -5
e  13 365 -1
e  195 328 8
e  42 122 0
e  173 389 6
e  273 283 5
e  235 430 -4
e  296 465 2
e  157 267 5
e  62 261 6
e  199 212 3
e  288 423 5
e  19 378 7
e  33 460 6
e  314 320 3
e  17 144 10
e  251 433 2
e  237 423 2
e  247 287 -4
e  123 400 5
e  75 408 7
e  318 398 7
e  229 498 -4
e  28 187 1
e  18 352 -2
e  88 243 -4
e  109 269 -5
e  439 456 10
e  44 211 1
e  86 486 10
e  137 183 2
e  175 234 0
e  455 488 4
e  64 170 5
e  27 45 -2
e  12 128 4
e  43 230 -4
e  377 452 5
e  213 244 4
e  136 232 -1
e  144 174 5
e  9 149 4
e  315 377 5
e  376 378 3
e  188 259 1
e  4 379 9
e  120 327 9
e  71 248 -4
e  170 330 7
e  126 384 7
e  186 240 5
e  282 462 4
e  273 312 1
e  435 469 -2
e  38 398 10
e  221 305 1
e  101 143 10
e  342 353 5
e  87 105 -2
e  161 270 -3
e  155 375 7
e  318 325 2
e  59 437 10
e  262 276 -1
e  89 424 5
e  35 187 2
e  46 212 -1
e  168 413 -1
e  91 150 -2
e  20 273 -3
e  50 259 9
e  134 481 -2
e  121 369 2
e  232 391 9
e  75 460 6
e  110 478 9
e  134 222 -5
e  174 365 10
e  186 322 4
e  168 292 7
e  460 472 8
e  223 497 -4
e  152 266 5
e  77 214 -4
e  105 395 9
e  386 447 -1
e  43 371 -1
e  91 460 -1
e  316 370 7
e  116 310 0
e  65 121 4
e  187 407 8
e  247 342 3
e  18 409 4
e  259 464 2
e  234 467 8
e  30 358 2
e  269 337 9
e  25 207 8
e  250 442 9
e  72 339 4
e  75 79 10
e  173 290 6
e  168 408 1
e  254 331 -2
e  139 419 0
e  270 345 -2
e  355 444 5
e  237 333 -2
e  198 443 1
e  391 404 2
e  71 159 2
e  188 326 -1
e  55 282 2
e  271 471 0
e  216 426 -2
e  405 439 8
e  249 296 2
e  272 420 6
e  83 405 2
e  153 471 10
e  444 445 7
e  157 284 -3
e  46 123 8
e  355 449 -4
e  13 146 10
e  229 293 -1
e  483 484 2
e  224 399 9
e  226 386 -5
e  87 209 8
e  86 293 5
e  14 377 5
e  162 201 -1
e  240 406 -5
e  81 283 -5
e  134 337 -3
e  273 374 -3
e  157 187 -5
e  47 407 4
e  65 291 2
e  4 440 -3
e  147 395 7
e  206 215 9
e  4 388 9
e  75 302 9
e  14 210 -4
e  106 342 6
e  220 354 1
e  126 483 9
e  237 386 2
e  29 362 -2
e  166 392 4
e  276 307 -3
e  33 169 2
e  38 302 5
e  155 365 4
e  193 210 5
e  125 130 -3
e  115 423 9
e  34 264 3
e  9 467 1
e  94 150 -2
e  226 308 3
e  55 319 6
e  109 361 -3
e  265 364 -1
e  75 471 7
e  70 119 7
e  283 498 -3
e  102 140 1
e  6 441 4
e  104 283 2
e  1 165 7
e  394 474 5
e  76 275 2
e  261 370 1
e  80 462 5
e  372 408 -4
e  13 81 7
e  148 279 -3
e  42 325 2
e  247 272 -3
e  206 212 1
e  81 440 8
e  245 410 1
e  227 315 -4
e  36 140 8
e  7 253 -4
e  45 353 3
e  138 484 2
e  27 298 9
e  17 163 0
e  64 382 0
e  345 351 10
e  139 259 7
e  333 499 10
e  407 493 -5
e  265 269 3
e  271 437 9
e  163 204 10
e  95 166 -1
e  408 442 -2
e  96 367 -4
e  135 498 -5
e  291 422 3
e  299 396 -2
e  2 277 1
e  353 374 10
e  329 440 -1
e  17 414 2
e  339 488 7
e  123 245 -3
e  258 383 -4
e  37 372 -4
e  212 389 2
e  143 276 2
e  10 94 5
e  349 463 5
e  147 237 -3
e  87 412 1
e  158 387 7
e  111 310 3
e  99 314 -5
e  49 186 5
e  7 169 10
e  359 440 -1
e  146 272 0
e  255 452 -2
e  126 439 4
e  164 444 0
e  73 440 -1
e  310 495 8
e  227 492 -3
e  268 423 2
e  82 428 3
e  445 495 2
e  59 359 9
e  86 428 -4
e  84 279 9
e  12 458 3
e  106 434 2
e  35 128 5
e  426 427 -1
e  214 229 6
e  81 119 8
e  92 307 9
e  234 459 6
e  106 460 -5
e  122 274 -2
e  84 343 2
e  267 385 3
e  196 310 8
e  45 426 -1
e  61 168 9
e  58 351 0
e  33 76 -5
e  118 273 0
e  61 433 7
e  275 362 7
e  145 245 0
e  392 464 6
e  277 323 9
e  44 371 -1
e  138 308 9
e  109 330 -4
e  52 149 -1
e  100 263 0
e  458 476 0
e  112 468 9
e  64 358 -1
e  494 495 -4
e  115 174 3
e  8 478 -2
e  69 411 9
e  369 492 2
e  153 410 -5
e  364 424 -3
e  68 361 -4
e  434 438 2
e  99 271 -2
e  365 491 -4
e  17 318 6
e  101 329 8
e  153 245 3
e  159 243 3
e  369 474 2
e  360 406 3
e  115 258 6
e  127 229 8
e  25 307 4
e  70 206 5
e  116 142 0
e  1 95 7
e  189 337 2
e  115 459 -5
e  106 166 -5
e  18 385 0
e  25 216 2
e  60 63 3
e  207 320 0
e  119 194 7
e  61 380 4
e  195 381 -4
e  246 250 5
e  28 44 -1
e  201 396 2
e  177 205 10
e  263 413 -3
e  27 88 4
e  36 438 10
e  4 140 1
e  19 335 3
e  358 421 7
e  166 196 3
e  74 194 0
e  401 473 8
e  37 261 10
e  95 412 -4
e  163 444 -2
e  240 360 -4
e  252 450 -2
e  187 299 4
e  102 454 -2
e  358 360 6
e  259 353 -3
e  457 489 -3
e  202 292 0
e  211 411 5
e  120 148 0
e  274 286 4
e  108 122 -4
e  38 382 1
e  168 185 2
e  143 303 -3
e  189 317 -1
e  56 239 -5
e  225 460 5
e  90 201 8
e  248 285 0
e  210 267 9
e  198 421 -2
e  5 212 6
e  256 430 -4
e  50 176 -5
e  21 352 7
e  94 388 0
e  98 222 -4
e  39 194 -2
e  17 233 9
e  106 211 -5
e  204 383 -5
e  52 279 -3
e  232 444 -3
e  51 219 -4
e  8 433 5
e  30 438 6
e  219 363 -2
e  58 364 -5
e  87 440 1
e  414 466 0
e  227 454 1
e  296 499 1
e  461 474 0
e  195 312 -5
e  352 405 0
e  187 393 -1
e  23 195 10
e  40 386 9
e  84 467 -4
e  51 428 2
e  35 458 -1
e  79 483 3
e  143 402 -3
e  127 129 6
e  18 256 8
e  149 155 -3
e  79 278 -4
e  9 355 -4
e  84 202 5
e  33 279 6
e  311 471 10
e  49 70 1
e  307 315 -1
e  14 157 -1
e  82 315 7
e  335 346 8
e  242 265 2
e  50 156 2
e  147 404 -4
e  255 492 9
e  354 406 1
e  45 105 8
e  57 403 10
e  308 339 5
e  86 182 6
e  254 310 7
e  405 458 4
e  61 70 5
e  231 335 7
e  97 152 6
e  261 343 8
e  174 194 -3
e  317 441 2
e  21 237 -2
e  324 346 10
e  277 421 -2
e  54 150 8
e  28 436 0
e  238 283 -3
e  153 499 3
e  61 374 -3
e  36 463 3
e  51 261 4
e  177 476 -2
e  114 455 0
e  293 361 0
e  236 395 2
e  129 233 10
e  85 435 4
e  355 394 5
e  58 98 1
e  135 218 1
e  152 457 3
e  60 322 0
e  216 464 3
e  200 262 7
e  60 437 -1
e  411 435 10
e  94 343 -3
e  0 2 5
e  7 88 10
e  20 135 8
e  24 365 -5
e  39 275 2
e  93 195 -2
e  263 323 3
e  280 312 0
e  12 127 -1
e  5 36 9
e  50 415 7
e  160 257 -2
e  187 250 2
e  8 125 -5
e  94 236 -5
e  137 434 -1
e  96 157 4
e  108 206 3
e  197 415 8
e  15 185 -2
e  170 379 -3
e  169 199 -2
e  184 228 -3
e  99 438 8
e  127 344 -3
e  165 341 8
e  388 443 9
e  211 416 7
e  401 408 -1
e  356 438 1
e  121 232 3
e  289 410 -5
e  70 498 6
e  25 365 8
e  115 303 3
e  249 498 5
e  231 300 -2
e  196 305 4
e  85 185 -3
e  4 363 5
e  196 412 5
e  486 498 4
e  281 474 1
e  96 462 1
e  303 468 -2
e  473 478 3
e  55 307 -5
e  173 225 6
e  207 372 4
e  45 104 -1
e  13 389 9
e  246 340 10
e  41 467 4
e  458 461 4
e  397 475 10
e  419 466 2
e  105 236 -1
e  34 472 8
e  399 489 10
e  60 356 5
e  383 472 2
e  325 370 -1
e  327 411 -5
e  129 254 6
e  344 481 5
e  287 421 2
e  243 473 2
e  347 426 7
e  46 273 -5
e  230 335 6
e  202 360 -1
e  414 481 6
e  185 405 -4
e  113 325 -1
e  23 408 -1
e  78 414 3
e  197 307 0
e  226 411 2
e  68 460 6
e  297 328 6
e  189 474 -2
e  77 461 6
e  254 374 4
e  105 181 5
e  321 400 6
e  216 293 1
e  297 358 -1
e  135 212 4
e  18 396 1
e  17 213 3
e  162 447 9
e  380 394 4
e  148 313 -5
e  266 363 5
e  101 338 6
e  142 440 3
e  265 392 4
e  208 243 2
e  212 242 -2
e  402 433 2
e  129 348 3
e  71 91 -2
e  108 462 1
e  376 389 -3
e  76 387 1
e  99 322 5
e  165 443 7
e  258 332 -3
e  42 369 8
e  56 216 5
e  399 481 1
e  62 412 -2
e  464 475 0
e  376 461 -2
e  213 473 -1
e  109 270 9
e  182 455 -4
e  16 337 -5
e  11 497 -2
e  212 317 7
e  64 277 7
e  154 308 -3
e  429 460 5
e  297 344 5
e  3 99 2
e  108 231 10
e  8 221 10
e  393 416 -1
e  148 152 9
e  305 389 2
e  166 372 4
e  361 378 7
e  14 329 -3
e  242 442 1
e  94 177 2
e  95 188 5
e  118 160 0
e  82 467 7
e  117 407 6
e  33 172 4
e  129 448 1
e  132 315 8
e  349 496 -5
e  55 268 -3
e  48 61 9
e  134 223 3
e  70 218 5
e  201 463 8
e  273 478 9
e  41 138 4
e  138 280 9
e  176 212 3
e  233 254 8
e  99 294 7
e  474 482 -3
e  122 239 -5
e  6 488 -1
e  71 465 3
e  369 407 0
e  378 499 7
e  135 451 4
e  91 118 9
e  104 116 8
e  258 464 4
e  326 380 2
e  350 459 5
e  318 439 4
e  222 424 -3
e  107 352 1
e  37 470 -1
e  248 477 -2
e  4 443 -4
e  231 490 -5
e  236 286 6
e  216 428 8
e  72 195 -2
e  46 440 -3
e  103 479 -3
e  170 288 9
e  116 333 -3
e  257 291 0
e  442 470 -3
e  264 338 9
e  64 231 6
e  305 410 9
e  247 394 9
e  49 128 3
e  100 122 1
e  198 206 -4
e  319 466 1
e  199 313 1
e  77 306 -3
e  391 468 -5
e  20 265 -1
e  43 58 -3
e  210 220 -4
e  343 464 -2
e  421 477 10
e  30 274 10
e  129 415 7
e  110 237 -4
e  56 193 -4
e  180 457 8
e  73 182 2
e  193 361 7
e  71 184 -3
e  25 267 -5
e  142 491 10
e  196 355 -3
e  272 348 2
e  119 214 4
e  5 119 6
e  159 234 -5
e  188 390 7
e  117 490 2
e  54 157 9
e  336 389 6
e  479 492 7
e  307 427 2
e  1 436 1
e  211 327 1
e  66 217 7
e  65 194 4
e  23 218 -3
e  161 235 -4
e  355 479 -1
e  9 280 5
e  333 477 -3
e  212 293 1
e  17 122 2
e  38 125 9
e  204 329 4
e  118 178 2
e  32 479 10
e  321 464 8
e  225 358 -1
e  18 331 2
e  41 409 5
e  268 479 -3
e  15 468 0
e  6 274 2
e  285 392 0
e  39 287 3
e  184 461 3
e  3 77 3
e  131 267 3
e  37 242 -1
e  39 169 10
e  327 462 -1
e  4 114 3
e  299 464 7
e  79 379 -3
e  122 262 2
e  25 268 7
e  126 245 10
e  78 429 9
e  193 398 3
e  95 233 -4
e  71 439 -5
e  134 420 -1
e  217 329 6
e  27 159 8
e  176 218 6
e  4 342 4
e  48 486 -2
e  98 184 -1
e  4 480 -1
e  126 234 4
e  108 187 2
e  24 167 -5
e  53 225 5
e  382 487 2
e  183 270 6
e  310 358 4
e  82 227 -3
e  156 248 1
e  230 320 6
e  279 394 3
e  351 423 -4
e  15 75 5
e  96 347 1
e  224 335 9
e  101 446 -5
e  66 129 -3
e  121 348 0
e  74 392 -2
e  256 439 1
e  42 377 3
e  272 323 7
e  120 401 10
e  116 404 -2
e  77 136 7
e  185 201 9
e  45 224 2
e  160 319 7
e  259 413 4
e  150 182 10
e  187 247 -4
e  203 250 -5
e  346 453 -2
e  268 335 6
e  85 446 0
e  51 134 6
e  102 129 -3
e  364 442 1
e  361 462 -3
e  162 469 2
e  88 212 9
e  209 452 -3
e  45 418 0
e  138 494 10
e  311 331 6
e  289 351 9
e  79 169 -4
e  118 454 10
e  250 267 6
e  119 470 8
e  264 341 6
e  5 453 7
e  13 310 9
e  14 361 3
e  126 212 7
e  45 314 -4
e  275 408 10
e  196 248 6
e  59 469 7
e  144 241 -2
e  165 363 0
e  116 405 -1
e  28 331 2
e  118 195 4
e  95 373 9
e  162 319 5
e  282 382 3
e  89 407 5
e  244 341 1
e  478 482 -1
e  222 371 9
e  2 424 5
e  92 156 9
e  325 460 8
e  124 468 2
e  26 479 8
e  95 182 8
e  77 484 -3
e  152 374 10
e  233 457 -5
e  148 480 -3
e  339 396 6
e  47 180 7
e  350 480 -5
e  185 358 2
e  120 259 1
e  34 195 4
e  36 192 10
e  231 426 10
e  43 202 -1
e  149 176 3
e  62 79 10
e  129 473 2
e  5 481 7
e  30 271 0
e  154 323 2
e  0 80 4
e  142 495 6
e  0 417 6
e  240 382 2
e  56 72 -3
e  115 163 0
e  13 218 5
e  104 425 5
e  152 420 0
e  39 429 8
e  114 282 8
e  161 271 8
e  141 246 2
e  193 371 -1
e  230 343 -2
e  40 81 -3
e  78 311 6
e  60 74 3
e  53 404 -5
e  59 482 -2
e  197 359 -4
e  113 428 5
e  25 262 9
e  94 376 4
e  26 471 4
e  231 330 2
e  3 46 3
e  383 477 -1
e  222 306 -2
e  275 499 9
e  96 480 -1
e  117 269 3
e  130 440 9
e  318 416 5
e  277 433 8
e  94 167 -4
e  125 173 -3
e  51 202 -3
e  187 221 4
e  171 281 5
e  181 425 3
e  125 359 4
e  66 265 3
e  37 447 9
e  115 458 10
e  92 165 9
e  123 157 -3
e  85 444 7
e  143 455 -3
e  44 64 10
e  187 497 4
e  34 396 6
e  116 262 -4
e  238 426 -1
e  333 398 -5
e  211 477 4
e  52 60 -3
e  205 419 7
e  208 241 7
e  333 491 -5
e  121 437 7
e  276 338 -4
e  163 315 -5
e  134 364 6
e  198 404 10
e  39 353 9
e  292 454 -3
e  314 451 1
e  22 292 6
e  150 322 -1
e  299 440 -4
e  71 109 0
e  313 434 -3
e  38 449 -5
e  462 491 3
e  226 250 7
e  75 318 1
e  231 268 6
e  3 16 0
e  215 244 -3
e  249 484 4
e  196 323 1
e  26 109 5
e  197 228 0
e  442 484 1
e  348 415 -3
e  94 327 -3
e  377 396 -3
e  70 355 5
e  204 459 7
e  289 438 3
e  39 452 -1
e  196 470 6
e  345 455 6
e  84 192 2
e  28 332 0
e  389 392 6
e  128 468 -3
e  64 292 10
e  204 395 -3
e  163 202 8
e  218 332 9
e  201 483 10
e  98 135 -4
e  389 402 2
e  219 470 6
e  48 354 -2
e  314 440 -2
e  68 103 2
e  88 416 9
e  201 331 -5
e  277 456 -2
e  142 397 2
e  177 328 5
e  156 237 0
e  76 348 -2
e  63 229 1
e  111 404 1
e  330 424 1
e  10 444 8
e  5 14 8
e  105 299 -1
e  221 285 4
e  227 269 8
e  110 427 10
e  171 445 2
e  182 442 1
e  135 246 -4
e  18 351 2
e  148 441 6
e  19 59 -5
e  36 317 1
e  9 343 5
e  58 442 6
e  48 483 -4
e  188 325 3
e  346 487 -4
e  389 450 -5
e  0 364 -2
e  33 318 -2
e  177 358 7
e  122 285 3
e  1 51 4
e  145 309 0
e  56 127 3
e  235 423 1
e  212 476 5
e  218 330 8
e  306 461 9
e  293 487 -2
e  237 399 3
e  237 466 3
e  202 468 1
e  143 440 -4
e  23 158 -1
e  44 288 1
e  276 357 -5
e  239 375 3
e  222 407 -5
e  101 270 8
e  152 328 8
e  190 191 -2
e  40 433 8
e  349 419 8
e  189 209 -1
e  280 382 -2
e  53 252 6
e  38 385 4
e  287 324 2
e  52 241 0
e  125 377 7
e  250 311 7
e  117 138 -4
e  151 367 2
e  164 363 8
e  53 190 2
e  164 376 1
e  200 319 9
e  23 395 5
e  118 182 3
e  319 361 -4
e  222 329 7
e  214 429 3
e  32 144 2
e  47 173 1
e  182 473 8
e  132 397 1
e  282 339 9
e  370 462 -2
e  253 305 2
e  364 405 -5
e  98 377 -3
e  36 381 6
e  338 443 0
e  119 482 3
e  323 472 10
e  186 494 1
e  199 316 -3
e  54 390 9
e  99 456 0
e  101 224 3
e  323 379 9
e  264 411 7
e  76 491 4
e  367 373 -1
e  68 377 5
e  307 383 9
e  79 163 5
e  311 387 5
e  69 194 -2
e  52 186 4
e  18 37 1
e  68 380 7
e  88 409 4
e  398 415 9
e  311 421 4
e  98 431 7
e  3 136 3
e  232 495 -2
e  131 452 2
e  19 424 2
e  108 226 7
e  80 420 0
e  42 59 -1
e  161 203 -3
e  146 438 7
e  254 324 0
e  447 448 -1
e  411 431 5
e  24 188 0
e  147 201 8
e  112 358 -5
e  453 488 2
e  1 261 10
e  344 441 -1
e  438 439 1
e  65 231 7
e  204 316 0
e  3 293 -4
e  168 357 -5
e  49 401 5
e  141 487 0
e  91 288 -2
e  81 120 -2
e  20 412 9
e  57 379 9
e  102 196 -4
e  328 331 0
e  302 362 -2
e  24 162 -5
e  282 371 1
e  259 408 3
e  189 231 7
e  70 234 8
e  9 423 -2
e  116 201 -3
e  108 352 6
e  253 411 -1
e  112 402 7
e  340 402 0
e  123 163 4
e  150 240 6
e  17 316 9
e  17 110 0
e  262 448 -5
e  69 488 2
e  165 423 9
e  114 364 -1
e  20 396 9
e  115 176 4
e  79 444 -3
e  158 216 9
e  113 387 -5
e  307 476 6
e  174 401 1
e  37 390 3
e  316 486 10
e  65 177 -5
e  226 495 8
e  10 59 2
e  112 274 10
e  164 345 7
e  196 292 1
e  144 362 6
e  91 356 3
e  281 467 3
e  4 411 -3
e  51 117 5
e  123 175 -2
e  32 140 -2
e  201 228 -3
e  199 235 5
e  98 231 6
e  1 143 5
e  56 438 2
e  145 475 -2
e  107 237 6
e  17 231 7
e  109 453 -1
e  105 362 10
e  302 450 -5
e  49 321 -4
e  153 321 0
e  21 226 8
e  472 490 -1
e  108 157 3
e  92 479 6
e  315 421 2
e  78 425 -3
e  164 221 -2
e  7 309 9
e  238 315 2
e  316 354 -1
e  254 429 9
e  309 327 -3
e  118 439 3
e  228 236 2
e  15 32 6
e  218 457 0
e  328 479 6
e  253 408 -1
e  316 371 0
e  37 109 2
e  38 231 1
e  118 176 2
e  52 445 -1
e  247 343 9
e  208 267 10
e  147 334 3
e  70 457 10
e  62 327 1
e  329 338 -4
e  149 190 -2
e  154 188 -5
e  196 456 2
e  29 496 8
e  407 415 0
e  157 352 -1
e  73 363 2
e  46 63 10
e  75 431 6
e  49 352 -4
e  100 127 -3
e  93 326 4
e  420 460 2
e  149 434 0
e  76 483 2
e  237 312 -1
e  193 270 5
e  100 312 3
e  76 251 0
e  119 448 10
e  141 401 4
e  387 499 8
e  70 433 3
e  210 273 -4
e  130 142 5
e  87 124 -1
e  82 284 0
e  329 385 0
e  261 346 -4
e  292 400 5
e  97 360 1
e  112 296 10
e  72 313 7
e  203 317 10
e  334 402 7
e  205 326 8
e  199 252 3
e  53 141 3
e  52 492 -1
e  65 456 7
e  194 233 -1
e  38 320 3
e  376 418 -2
e  131 477 -2
e  307 320 -4
e  13 46 -4
e  50 488 -2
e  224 269 2
e  60 280 3
e  79 409 3
e  258 360 9
e  127 261 -2
e  476 485 10
e  88 452 4
e  36 41 -1
e  297 439 -5
e  140 499 8
e  218 441 7
e  369 470 4
e  70 109 -1
e  238 280 5
e  123 305 -2
e  322 368 -2
e  230 310 -1
e  384 454 7
e  67 266 9
e  115 177 -4
e  206 291 7
e  72 92 0
e  254 375 -1
e  325 401 3
e  85 314 10
e  420 481 -2
e  366 422 8
e  238 445 -3
e  270 276 10
e  16 173 6
e  205 357 -5
e  20 374 6
e  122 469 0
e  1 424 4
e  163 309 6
e  239 398 1
e  331 391 7
e  326 378 6
e  198 241 2
e  264 387 -1
e  10 299 0
e  182 312 6
e  44 215 1
e  159 171 2
e  146 278 -1
e  30 447 6
e  29 230 4
e  189 466 -2
e  147 475 3
e  143 443 6
e  68 483 4
e  72 379 7
e  274 484 8
e  95 432 9
e  209 219 5
e  236 257 -1
e  26 150 9
e  255 281 -2
e  168 295 5
e  3 392 6
e  123 132 -4
e  25 94 9
e  137 485 9
e  166 355 4
e  90 274 3
e  199 248 7
e  115 377 2
e  2 368 5
e  184 207 -3
e  88 241 0
e  185 336 2
e  67 153 -5
e  26 248 -5
e  27 323 -1
e  376 398 -3
e  284 496 -5
e  130 280 2
e  112 461 -2
e  326 488 -4
e  100 318 10
e  114 245 8
e  98 354 4
e  37 56 9
e  13 280 0
e  326 446 10
e  45 274 -2
e  350 352 5
e  378 489 4
e  53 484 1
e  245 415 -2
e  57 115 -3
e  106 417 4
e  81 322 4
e  32 210 3
e  35 369 -4
e  205 210 -4
e  290 424 -2
e  126 482 0
e  130 245 3
e  261 414 -3
e  69 155 7
e  43 313 10
e  24 251 5
e  270 294 5
e  40 77 6
e  145 466 4
e  147 485 5
e  122 231 9
e  362 399 4
e  61 75 5
e  369 486 -1
e  212 387 3
e  97 226 6
e  19 455 3
e  15 378 9
e  98 237 -5
e  341 395 8
e  27 342 8
e  211 241 -2
e  29 57 7
e  118 483 0
e  409 459 -5
e  68 396 2
e  295 443 -2
e  84 262 -4
e  313 369 2
e  198 262 3
e  184 205 7
e  375 458 1
e  16 419 7
e  71 135 -2
e  180 288 -5
e  258 376 -4
e  418 491 8
e  220 361 -4
e  122 213 0
e  60 217 9
e  289 457 10
e  282 471 1
e  146 392 -2
e  41 493 10
e  238 355 10
e  232 326 -5
e  7 231 0
e  477 494 -5
e  209 409 7
e  181 310 6
e  98 196 -2
e  322 342 4
e  117 143 -5
e  116 354 7
e  194 213 10
e  39 69 6
e  53 146 7
e  268 411 -2
e  145 323 -4
e  33 95 -5
e  233 355 -2
e  150 357 5
e  194 286 -5
e  34 334 1
e  181 202 0
e  28 261 2
e  63 450 10
e  157 240 6
e  170 437 2
e  94 465 -3
e  486 491 10
e  276 293 -1
e  41 363 5
e  287 382 4
e  191 260 -3
e  292 422 -5
e  192 251 4
e  76 492 8
e  16 453 3
e  290 361 -1
e  363 435 6
e  170 214 6
e  89 235 5
e  14 227 8
e  126 191 1
e  40 230 -4
e  53 148 5
e  43 195 -4
e  37 445 -1
e  252 342 4
e  15 369 0
e  261 421 10
e  236 243 4
e  86 133 -2
e  186 376 2
e  4 401 9
e  5 196 8
e  23 51 7
e  51 251 10
e  140 404 8
e  86 187 3
e  8 146 2
e  109 369 8
e  156 171 3
e  366 483 5
e  302 408 10
e  252 318 1
e  36 191 -2
e  231 452 -5
e  123 414 -1
e  247 249 1
e  386 389 4
e  212 330 8
e  139 234 -2
e  97 494 0
e  386 471 0
e  54 294 -4
e  342 399 -4
e  446 492 7
e  86 401 3
e  312 447 -2
e  21 41 1
e  326 442 -5
e  198 217 2
e  103 271 9
e  4 479 0
e  232 384 4
e  160 416 -1
e  77 98 8
e  250 430 4
e  4 448 10
e  34 364 0
e  52 217 2
e  130 433 2
e  17 251 2
e  324 489 2
e  41 401 3
e  271 371 9
e  0 23 5
e  38 345 -2
e  85 368 -2
e  124 255 -2
e  120 349 0
e  405 465 9
e  336 432 9
e  332 486 10
e  21 403 -1
e  40 328 10
e  473 480 10
e  144 170 8
e  302 326 3
e  212 310 6
e  30 43 6
e  15 305 -1
e  45 87 5
e  163 226 6
e  5 352 6
e  321 344 -4
e  11 92 9
e  220 446 0
e  55 340 8
e  386 394 5
e  338 387 9
e  42 241 3
e  56 288 6
e  419 497 10
e  72 191 -2
e  32 75 0
e  183 447 -4
e  292 313 4
e  246 461 -5
e  196 422 10
e  30 263 7
e  135 269 3
e  408 496 2
e  14 40 5
e  67 482 -5
e  157 334 -4
e  149 271 4
e  5 472 2
e  37 398 9
e  235 414 7
e  222 408 -4
e  54 475 -4
e  115 424 0
e  157 426 7
e  213 406 9
e  50 236 7
e  66 352 4
e  333 405 8
e  25 349 5
e  319 430 6
e  5 442 8
e  454 463 2
e  193 494 9
e  106 197 9
e  9 125 2
e  166 465 3
e  36 423 8
e  42 269 5
e  166 370 10
e  376 458 3
e  416 461 3
e  64 275 10
e  107 233 -4
e  108 426 6
e  34 376 0
e  143 195 -1
e  445 497 -5
e  223 372 2
e  137 380 -4
e  95 156 1
e  32 175 6
e  396 458 5
e  343 420 3
e  19 65 8
e  163 419 3
e  433 479 8
e  325 475 4
e  99 466 3
e  22 351 -3
e  69 82 3
e  64 317 10
e  177 187 2
e  13 354 -5
e  153 463 -3
e  253 285 -2
e  194 394 10
e  13 183 9
e  195 449 -2
e  69 122 -5
e  265 440 6
e  43 62 3
e  456 473 3
e  469 486 3
e  264 325 -5
e  53 388 2
e  238 429 -5
e  282 444 -4
e  162 175 6
e  11 132 1
e  80 89 2
e  113 401 5
e  250 299 4
e  319 471 10
e  169 466 0
e  51 323 6
e  76 230 1
e  161 435 0
e  188 449 7
e  67 269 5
e  271 403 -2
e  129 366 -2
e  47 370 -5
e  73 298 0
e  60 296 5
e  419 443 -2
e  44 229 5
e  19 476 3
e  13 452 -4
e  14 366 0
e  193 433 8
e  44 173 1
e  270 285 -2
e  56 244 1
e  120 195 -3
e  11 61 -2
e  158 328 7
e  116 183 10
e  90 143 -4
e  77 411 -3
e  359 431 -4
e  194 458 -2
e  113 392 3
e  100 193 9
e  157 410 10
e  90 489 4
e  169 328 2
e  200 451 10
e  45 113 9
e  28 201 -5
e  330 455 6
e  113 273 4
e  190 270 -4
e  352 489 -1
e  117 187 -1
e  52 193 5
e  363 451 1
e  338 362 -4
e  43 347 5
e  0 206 4
e  186 252 -4
e  337 424 -4
e  281 381 3
e  6 215 2
e  233 456 -3
e  113 364 -5
e  68 125 -5
e  153 301 4
e  122 437 -2
e  408 423 0
e  393 494 5
e  219 355 -4
e  302 465 5
e  77 189 -3
e  295 320 -3
e  89 491 2
e  92 100 -3
e  193 247 1
e  216 354 0
e  417 499 6
e  7 129 8
e  179 193 2
e  350 451 -4
e  34 338 -2
e  270 446 -2
e  67 164 -3
e  118 152 2
e  89 293 -4
e  24 300 7
e  119 195 -3
e  327 349 6
e  155 399 5
e  39 255 5
e  253 386 -5
e  171 482 3
e  61 354 -1
e  188 222 -1
e  3 497 1
e  155 178 5
e  12 483 -4
e  337 410 -3
e  14 118 -3
e  67 378 4
e  179 328 4
e  388 434 9
e  17 460 4
e  90 129 -5
e  181 419 3
e  124 464 3
e  120 176 7
e  133 215 10
e  199 294 0
e  97 144 -5
e  205 294 -4
e  96 252 -3
e  85 158 10
e  346 405 9
e  134 424 7
e  45 210 -3
e  449 457 10
e  218 305 -5
e  140 164 8
e  283 360 3
e  201 330 -4
e  298 328 6
e  45 354 8
e  28 242 5
e  254 322 10
e  205 364 2
e  117 356 3
e  246 446 1
e  250 428 9
e  25 113 2
e  30 420 -4
e  397 468 -4
e  453 457 9
e  238 477 9
e  102 230 2
e  133 204 2
e  60 104 -2
e  126 181 -4
e  53 393 -5
e  63 92 9
e  7 476 -3
e  83 287 3
e  169 319 6
e  17 358 3
e  76 256 5
e  67 357 3
e  259 352 1
e  355 442 4
e  317 481 10
e  130 244 7
e  116 348 7
e  15 443 -2
e  273 337 -3
e  52 55 9
e  29 387 3
e  185 186 3
e  154 289 9
e  145 193 8
e  316 449 -1
e  12 152 2
e  137 404 -1
e  308 405 9
e  374 375 0
e  233 282 1
e  235 284 7
e  230 456 -4
e  273 409 -3
e  14 267 3
e  159 227 3
e  1 154 2
e  331 376 -5
e  217 449 -3
e  90 278 4
e  250 460 0
e  94 469 6
e  34 266 9
e  267 483 6
e  211 235 5
e  32 236 9
e  264 287 2
e  26 353 -2
e  46 490 6
e  49 148 8
e  104 131 2
e  78 174 -2
e  218 302 7
e  312 383 1
e  317 493 7
e  373 420 6
e  59 85 5
e  152 286 -4
e  87 426 -5
e  358 425 -1
e  0 317 5
e  151 362 9
e  81 217 1
e  216 322 10
e  34 64 7
e  291 383 0
e  286 488 7
e  57 416 7
e  270 427 -2
e  143 453 9
e  263 463 5
e  123 303 6
e  159 232 -4
e  310 347 4
e  378 431 -1
e  61 133 8
e  172 263 7
e  275 335 9
e  284 431 8
e  226 331 6
e  62 135 5
e  23 400 -4
e  247 423 1
e  194 484 2
e  6 468 2
e  181 436 -3
e  39 302 3
e  124 418 1
e  182 255 2
e  387 470 -4
e  16 86 6
e  181 417 4
e  47 51 6
e  86 140 -1
e  201 329 -1
e  464 467 -1
e  324 350 7
e  228 291 10
e  37 100 -1
e  16 242 -1
e  49 269 -3
e  147 488 1
e  287 374 0
e  129 223 3
e  292 448 3
e  86 380 0
e  42 386 1
e  12 277 5
e  122 132 5
e  374 472 10
e  83 441 0
e  136 214 0
e  300 410 8
e  172 416 -5
e  95 343 -4
e  21 37 5
e  212 371 -2
e  53 472 -3
e  418 482 8
e  44 172 3
e  325 356 -5
e  381 409 2
e  87 450 4
e  127 328 4
e  12 235 0
e  25 482 2
e  322 468 8
e  120 484 -2
e  278 357 -2
e  366 485 9
e  21 254 -2
e  196 314 0
e  70 191 1
e  286 301 -2
e  33 324 -1
e  244 422 1
e  254 257 9
e  94 459 4
e  389 413 5
e  103 259 10
e  211 454 9
e  182 377 6
e  156 484 5
e  39 344 8
e  100 170 0
e  7 266 9
e  320 430 9
e  43 138 3
e  71 310 -2
e  233 331 5
e  268 298 8
e  2 28 1
e  248 497 0
e  65 116 0
e  193 422 -3
e  31 199 10
e  354 441 4
e  309 320 8
e  224 428 -4
e  151 189 0
e  187 253 9
e  38 122 4
e  216 233 -1
e  202 274 1
e  115 151 -5
e  205 421 10
e  6 105 6
e  46 403 5
e  295 439 -3
e  251 259 6
e  106 170 -4
e  11 321 -2
e  167 429 8
e  100 389 -2
e  129 204 -5
e  265 467 1
e  70 390 -3
e  405 421 -1
e  110 377 8
e  72 190 0
e  31 445 4
e  94 220 -2
e  103 254 10
e  75 456 6
e  139 222 -5
e  103 499 -5
e  35 470 10
e  125 408 -2
e  152 259 -3
e  212 282 -1
e  28 290 -1
e  208 481 -5
e  60 394 4
e  12 244 0
e  151 317 9
e  249 424 3
e  142 183 1
e  234 364 2
e  130 378 2
e  69 123 4
e  107 226 7
e  92 469 3
e  44 120 -4
e  200 486 4
e  138 469 9
e  24 346 8
e  158 469 10
e  3 281 5
e  42 282 -4
e  247 341 3
e  209 325 6
e  300 412 -2
e  8 297 4
e  58 483 6
e  30 247 8
e  93 394 9
e  257 460 4
e  89 454 -4
e  207 286 10
e  187 333 2
e  43 248 7
e  79 490 9
e  28 445 1
e  123 159 4
e  13 87 3
e  78 215 7
e  16 265 4
e  424 473 -2
e  262 387 -3
e  185 189 4
e  128 393 -2
e  110 236 6
e  69 345 10
e  216 430 4
e  231 463 4
e  37 48 9
e  284 347 4
e  311 446 -2
e  242 367 -5
e  195 285 2
e  439 487 1
e  239 351 3
e  280 389 4
e  11 226 2
e  112 201 2
e  22 88 9
e  43 420 -1
e  330 395 1
e  260 317 4
e  92 154 9
e  98 114 0
e  201 304 5
e  99 377 5
e  33 216 6
e  78 423 3
e  59 209 8
e  69 393 10
e  40 383 -2
e  98 375 6
e  300 497 6
e  112 407 0
e  211 482 -4
e  157 167 9
e  179 432 -3
e  44 240 2
e  145 427 1
e  209 378 3
e  41 210 2
e  299 353 7
e  186 299 -4
e  2 184 0
e  145 288 2
e  51 433 3
e  6 342 9
e  323 480 -3
e  2 478 7
e  9 115 1
e  225 236 10
e  147 338 -4
e  71 268 5
e  342 481 4
e  104 275 3
e  148 273 -2
e  111 223 -1
e  78 377 -1
e  25 32 -2
e  416 431 8
e  145 327 -1
e  60 237 10
e  387 393 2
e  93 315 -1
e  45 142 -3
e  91 217 6
e  107 228 7
e  137 446 0
e  184 210 -1
e  114 179 8
e  355 467 -4
e  198 227 -5
e  180 278 10
e  22 149 2
e  144 266 9
e  306 394 -5
e  168 259 8
e  328 403 9
e  151 198 6
e  5 32 5
e  15 297 10
e  200 223 1
e  49 465 9
e  47 317 6
e  278 426 2
e  39 482 -5
e  151 292 -5
e  245 318 7
e  259 302 4
e  207 258 -5
e  8 236 -4
e  18 32 2
e  321 348 7
e  265 444 0
e  125 156 8
e  31 82 7
e  327 424 2
e  364 432 3
e  107 211 -5
e  6 232 6
e  101 110 -2
e  448 482 4
e  416 434 8
e  224 479 1
e  52 232 10
e  164 380 -4
e  241 379 6
e  372 404 5
e  42 126 1
e  265 476 -2
e  180 194 6
e  109 292 -3
e  21 297 2
e  167 298 1
e  215 448 -4
e  112 321 1
e  49 479 -4
e  372 377 6
e  173 337 -1
e  69 209 2
e  84 457 6
e  110 404 -3
e  265 393 -5
e  6 447 1
e  86 399 10
e  0 439 1
e  75 280 0
e  15 278 4
e  180 359 -2
e  81 425 -3
e  278 447 -4
e  137 331 -3
e  273 389 4
e  289 401 -4
e  61 385 5
e  63 480 6
e  14 314 8
e  133 307 10
e  303 460 -1
e  124 232 9
e  129 187 6
e  214 306 5
e  11 167 0
e  27 136 4
e  44 135 9
e  27 414 8
e  21 346 10
e  140 292 2
e  299 455 -3
e  135 182 3
e  43 237 -2
e  116 220 9
e  302 425 0
e  111 469 -4
e  403 410 -3
e  329 423 -5
e  16 106 6
e  48 314 -3
e  322 410 2
e  29 399 0
e  145 436 8
e  122 398 -1
e  117 261 -1
e  376 457 3
e  182 249 4
e  40 399 9
e  64 471 8
e  389 414 2
e  90 115 2
e  122 247 4
e  58 174 -2
e  107 157 -4
e  329 433 6
e  422 437 6
e  325 385 1
e  320 345 0
e  239 376 0
e  245 418 8
e  127 296 10
e  61 292 4
e  222 481 -2
e  109 150 7
e  86 281 5
e  14 268 -1
e  4 467 7
e  4 156 8
e  129 417 7
e  62 92 10
e  231 459 -3
e  131 152 9
e  259 430 10
e  182 315 10
e  304 391 -5
e  44 278 6
e  244 298 -5
e  235 255 3
e  161 434 7
e  133 350 7
e  10 98 0
e  50 466 7
e  147 369 -1
e  246 487 -4
e  362 379 3
e  107 277 0
e  55 89 -4
e  153 393 6
e  216 280 -1
e  286 292 8
e  192 415 10
e  146 209 -4
e  68 415 7
e  21 89 9
e  199 247 8
e  19 108 1
e  67 441 -4
e  247 361 0
e  18 148 -2
e  471 488 -2
e  170 377 4
e  109 395 7
e  244 284 2
e  292 419 -2
e  3 183 -1
e  365 444 7
e  399 424 6
e  25 335 -2
e  161 371 4
e  394 414 1
e  273 432 9
e  61 253 1
e  55 190 2
e  253 255 -4
e  33 458 4
e  26 439 -5
e  248 446 9
e  59 69 -2
e  292 294 4
e  189 254 9
e  217 497 8
e  34 59 2
e  47 490 7
e  151 424 3
e  182 498 -1
e  116 233 -1
e  271 302 2
e  272 331 7
e  204 335 3
e  216 347 6
e  258 315 2
e  306 436 0
e  19 380 4
e  186 427 2
e  15 424 5
e  278 407 9
e  368 458 8
e  44 342 2
e  257 269 -4
e  53 144 4
e  78 291 5
e  86 372 3
e  30 490 -2
e  16 398 3
e  3 134 2
e  212 425 10
e  8 364 10
e  153 158 9
e  157 360 4
e  415 498 0
e  179 377 -5
e  343 498 10
e  244 336 7
e  60 140 4
e  61 395 -5
e  16 306 -5
e  215 491 2
e  3 184 7
e  228 356 7
e  16 52 6
e  176 328 4
e  172 385 0
e  403 469 -3
e  63 473 3
e  2 194 -3
e  128 454 10
e  273 279 -2
e  149 369 -4
e  228 346 7
e  68 493 0
e  217 447 6
e  356 421 10
e  95 323 4
e  289 449 -1
e  279 482 9
e  27 378 8
e  280 302 -4
e  235 277 -3
e  62 297 -3
e  53 386 4
e  67 99 5
e  157 336 -1
e  280 294 -3
e  67 246 -4
e  1 347 9
e  317 414 4
e  393 491 2
e  108 439 2
e  129 297 0
e  60 472 0
e  15 169 -1
e  0 204 3
e  351 441 -1
e  93 150 2
e  251 440 5
e  67 270 4
e  37 149 4
e  327 360 0
e  38 170 9
e  330 476 -2
e  91 260 -5
e  87 272 10
e  176 381 0
e  27 152 0
e  295 440 9
e  7 111 -4
e  88 181 -3
e  199 416 4
e  67 206 -4
e  407 496 3
e  146 161 -5
e  266 460 -3
e  14 274 4
e  39 479 9
e  33 227 -2
e  152 423 -3
e  78 310 0
e  64 335 4
e  182 366 3
e  86 470 -1
e  423 491 4
e  52 196 -5
e  292 329 9
e  159 350 2
e  52 329 5
e  317 318 -4
e  137 176 0
e  383 479 4
e  330 402 -1
e  347 473 9
e  308 371 4
e  36 267 5
e  56 314 0
e  155 243 10
e  192 269 0
e  247 248 -1
e  43 114 7
e  414 457 3
e  4 150 -2
e  270 351 1
e  11 197 6
e  248 372 -3
e  329 497 7
e  119 246 -3
e  257 258 3
e  219 405 5
e  129 429 -2
e  227 477 1
e  170 342 0
e  311 337 9
e  490 492 5
e  127 143 2
e  97 198 6
e  88 318 5
e  81 365 2
e  60 214 9
e  100 355 5
e  280 336 0
e  319 458 1
e  248 360 2
e  116 419 6
e  51 372 7
e  114 255 -4
e  331 415 3
e  7 328 10
e  150 484 3
e  6 204 9
e  163 456 1
e  278 430 8
e  183 476 9
e  384 460 5
e  206 405 7
e  48 344 2
e  339 451 10
e  361 472 5
e  135 187 -1
e  143 189 7
e  158 472 3
e  351 401 3
e  324 358 7
e  272 467 6
e  217 383 -1
e  207 450 5
e  54 71 -2
e  224 476 1
e  107 236 7
e  268 488 -1
e  109 342 -3
e  342 407 3
e  471 474 3
e  132 223 -2
e  139 397 0
e  90 441 -5
e  73 474 5
e  106 110 -2
e  467 478 8
e  170 419 -3
e  138 156 7
e  331 371 3
e  97 194 5
e  7 471 2
e  218 340 8
e  200 206 -2
e  34 165 -2
e  124 287 10
e  141 425 7
e  22 184 0
e  101 481 4
e  165 289 -1
e  79 315 -3
e  131 304 -4
e  211 496 6
e  214 310 7
e  75 92 9
e  386 458 -3
e  50 356 10
